double
8
2
1
10
1712680879504951296.000000
6350582077646612480.000000
6602931244257685504.000000
6405663928679757824.000000
2279347886065231872.000000
-2132781035868827648.000000
-3734827318757705728.000000
-8177202284157255680.000000
-4193751147670757888.000000
-412005967561410560.000000
5758496608311214080.000000
-369355992499640320.000000
-1977771478897434624.000000
6199559041169221632.000000
-2999511391495295488.000000
2733288686145640448.000000
-2430514639735552000.000000
8433024137284718592.000000
-6634357161844193280.000000
6826904809115295744.000000
-486845727188271616.000000
5550823643817551872.000000
377742843816673280.000000
3299744980831092736.000000
4069954058654791680.000000
1512998100729454592.000000
689414377009500160.000000
4770616167672172544.000000
-7269721523402319872.000000
-486986243760502784.000000
-5786146963276044288.000000
4370368997849575424.000000
-5228723025624023040.000000
-6729036998070968320.000000
-3244025889925666816.000000
-6462358127649136640.000000
-5122266333468012544.000000
-2093908768760831488.000000
7426630970081114112.000000
-923259730526484480.000000
2085652746300078080.000000
7422021252520431616.000000
-7391972797450815488.000000
8666447652225478656.000000
2824934984265054208.000000
-6070646638896025600.000000
-2616630612829954048.000000
4624343047084265472.000000
1989124713342822400.000000
-3227309016734750720.000000
-8514548043671377920.000000
2476919096164757504.000000
8466119717122609152.000000
2818483910896228352.000000
2491396540874682368.000000
9136664327242881024.000000
1509872133393750016.000000
-1579620740530456576.000000
-466748645402729984.000000
2278359316967895040.000000
-2988232021019312640.000000
3223611365461690368.000000
-3372032628620969984.000000
5134567866055522304.000000
8293122129005852672.000000
2998091541620508672.000000
-8973019429026881536.000000
2266110443269103616.000000
3203454773533839360.000000
8705848612906199040.000000
6976438128957014016.000000
177538324938459136.000000
-8195617351210827776.000000
-900953478902896640.000000
-8854664557495296000.000000
-1075243713765558272.000000
8846813679495546880.000000
-2592791908341960192.000000
-352452045899311104.000000
3480184620042219520.000000
7018541428538562560.000000
7715082732342943744.000000
-5223709636537092096.000000
1202522323945904128.000000
6734953560914315264.000000
165448128566169600.000000
7687181731903019008.000000
7768986683655880704.000000
-7690217264037939200.000000
-4100368757687951872.000000
-9050771352993284096.000000
6315096722634401792.000000
2714883669142372352.000000
6297462428940711936.000000
-4339962445891730944.000000
-1884874443199242240.000000
974384402440501248.000000
-6180757572956078080.000000
-2401616734789998592.000000
-6521998308146956288.000000
1284232891278385152.000000
3758289478299369472.000000
-3901921113164894720.000000
-1230618008614732288.000000
4724334593533954048.000000
-1916648467833352704.000000
7305618813306802176.000000
2562641614560237568.000000
7222904377325641728.000000
3321439076131231744.000000
-937136435860418560.000000
8828075358079041536.000000
-7079825139989147648.000000
4925717905081159680.000000
-1626631272596697600.000000
3236279759277221888.000000
-4615444076667340800.000000
-3445513622387798528.000000
8585413876420012032.000000
1631892755737853952.000000
2945362375687684096.000000
612547228591376384.000000
-4970788354493650944.000000
-1939319259140420096.000000
2191631120439820288.000000
-463612395257032192.000000
-550963876436781056.000000
3985871622127222784.000000
-3910875690802535936.000000
-2149742490314176512.000000
4596372199223738368.000000
6981210715738851328.000000
-7325877960463978496.000000
-7519374590160914432.000000
-2692363825450502144.000000
955841198986326016.000000
-8603098535446513664.000000
8650817680371623936.000000
-3302018030284816896.000000
-5141795954265853952.000000
-6617512969615699968.000000
-7429243060479293440.000000
8929003239481071616.000000
-4420929551860426752.000000
682944904978151424.000000
-960592543946240512.000000
-7386646611072878592.000000
-2724368996821157888.000000
-567252657180737024.000000
6292924672651849728.000000
7464433379023405056.000000
-8530523680055394304.000000
153392983853047808.000000
-6145578571313885184.000000
5147582716412340224.000000
6731831060769214464.000000
-1634441945530207744.000000
-6641333615559927808.000000
-8610527176024053760.000000
8901936723373912064.000000
8731222308043513856.000000
14065664809989556224.000000
1379221607720593408.000000
7608186252625661952.000000
9014301446979547136.000000
-1967332907302658048.000000
3952354413145313280.000000
-408215600501374976.000000
-11883968411708696576.000000
-4512374725249362432.000000
-3292274744682070016.000000
5945740730134761472.000000
737112190244937728.000000
12497021470109933568.000000
-7339473837387026432.000000
848414242946398208.000000
-1456130237295050752.000000
2252266564328640512.000000
-9035973896634191872.000000
304906500968339456.000000
797387164090113536.000000
9309113122116921344.000000
-3524178269348221440.000000
2069126972216360448.000000
8794288652188745728.000000
-403650367103898112.000000
7995033190316302336.000000
7333257782232410112.000000
-46817146076678144.000000
2834452832370728960.000000
-6723283399136462848.000000
13198444355928616960.000000
-12308548165613170688.000000
-1803319092989808640.000000
-4870657162522363904.000000
-3226078368371914752.000000
-9737710410135353344.000000
-5539422391148630016.000000
16012044846501126144.000000
708633025211369472.000000
5031015121987762176.000000
8034568481111808000.000000
-12362761151944466432.000000
6727128393085059072.000000
5016566104704874496.000000
-6534259034153058304.000000
-3167594489266735104.000000
8610214669211488256.000000
-1921750977459713536.000000
-5377051507048927232.000000
-3918175844447639552.000000
9458129811903608832.000000
1140241756658630656.000000
-4700890679264686080.000000
-200967284575819776.000000
10092505526229207040.000000
-7093226402052763648.000000
7071196939841167360.000000
-3768766675687546880.000000
-2863436637297958912.000000
-9605744990635012096.000000
-4205631695017603072.000000
5556970610860101632.000000
713638314195095552.000000
8976067033984004096.000000
2037498997674268160.000000
-16359666040099760128.000000
-458258553552054272.000000
2636202116353102336.000000
14998773285558048768.000000
14440871507980419072.000000
-8352985355116935168.000000
-8042224367357779968.000000
-7046532050216781824.000000
-3707081841082955776.000000
5656587347003656192.000000
7212371733965338624.000000
-9234125523901888512.000000
-8962979221923364864.000000
12382121343416131584.000000
