float
2
2
1
10
209652480.000000
398764544.000000
924231168.000000
1478610176.000000
441365248.000000
1537364736.000000
192771840.000000
1491434752.000000
-327900160.000000
530702080.000000
626610432.000000
-496576768.000000
-268060928.000000
-869582272.000000
1682652160.000000
-1903903232.000000
1991416320.000000
-976433728.000000
-500614912.000000
-95927552.000000
1252949504.000000
1340754432.000000
124102656.000000
-85997504.000000
292249088.000000
-460485696.000000
1827923712.000000
1443447296.000000
-1842386176.000000
-698378176.000000
-1773266176.000000
636393472.000000
-2060646400.000000
-565898240.000000
1428591360.000000
1963466496.000000
1194674176.000000
-1544681728.000000
1589190144.000000
1589512704.000000
-1043297024.000000
-941989888.000000
800128512.000000
1564607744.000000
149116160.000000
1997850368.000000
-1635151872.000000
47987456.000000
1514486016.000000
1229080320.000000
2399876608.000000
-1132970240.000000
1792585472.000000
-303684032.000000
254060800.000000
-3867369728.000000
796742144.000000
568248000.000000
-2089805056.000000
-1685440256.000000
