double
16
2
1
10
1712680879504951296.000000
6350582077646612480.000000
6602931244257685504.000000
6405663928679757824.000000
2279347886065231872.000000
-2132781035868827648.000000
-3734827318757705728.000000
-8177202284157255680.000000
-4193751147670757888.000000
-412005967561410560.000000
5758496608311214080.000000
-369355992499640320.000000
-1977771478897434624.000000
6199559041169221632.000000
-2999511391495295488.000000
2733288686145640448.000000
-2430514639735552000.000000
8433024137284718592.000000
-6634357161844193280.000000
6826904809115295744.000000
-486845727188271616.000000
5550823643817551872.000000
377742843816673280.000000
3299744980831092736.000000
4069954058654791680.000000
1512998100729454592.000000
689414377009500160.000000
4770616167672172544.000000
-7269721523402319872.000000
-486986243760502784.000000
-5786146963276044288.000000
4370368997849575424.000000
-5228723025624023040.000000
-6729036998070968320.000000
-3244025889925666816.000000
-6462358127649136640.000000
-5122266333468012544.000000
-2093908768760831488.000000
7426630970081114112.000000
-923259730526484480.000000
2085652746300078080.000000
7422021252520431616.000000
-7391972797450815488.000000
8666447652225478656.000000
2824934984265054208.000000
-6070646638896025600.000000
-2616630612829954048.000000
4624343047084265472.000000
1989124713342822400.000000
-3227309016734750720.000000
-8514548043671377920.000000
2476919096164757504.000000
8466119717122609152.000000
2818483910896228352.000000
2491396540874682368.000000
9136664327242881024.000000
1509872133393750016.000000
-1579620740530456576.000000
-466748645402729984.000000
2278359316967895040.000000
-2988232021019312640.000000
3223611365461690368.000000
-3372032628620969984.000000
5134567866055522304.000000
8293122129005852672.000000
2998091541620508672.000000
-8973019429026881536.000000
2266110443269103616.000000
3203454773533839360.000000
8705848612906199040.000000
6976438128957014016.000000
177538324938459136.000000
-8195617351210827776.000000
-900953478902896640.000000
-8854664557495296000.000000
-1075243713765558272.000000
8846813679495546880.000000
-2592791908341960192.000000
-352452045899311104.000000
3480184620042219520.000000
7018541428538562560.000000
7715082732342943744.000000
-5223709636537092096.000000
1202522323945904128.000000
6734953560914315264.000000
165448128566169600.000000
7687181731903019008.000000
7768986683655880704.000000
-7690217264037939200.000000
-4100368757687951872.000000
-9050771352993284096.000000
6315096722634401792.000000
2714883669142372352.000000
6297462428940711936.000000
-4339962445891730944.000000
-1884874443199242240.000000
974384402440501248.000000
-6180757572956078080.000000
-2401616734789998592.000000
-6521998308146956288.000000
1284232891278385152.000000
3758289478299369472.000000
-3901921113164894720.000000
-1230618008614732288.000000
4724334593533954048.000000
-1916648467833352704.000000
7305618813306802176.000000
2562641614560237568.000000
7222904377325641728.000000
3321439076131231744.000000
-937136435860418560.000000
8828075358079041536.000000
-7079825139989147648.000000
4925717905081159680.000000
-1626631272596697600.000000
3236279759277221888.000000
-4615444076667340800.000000
-3445513622387798528.000000
8585413876420012032.000000
1631892755737853952.000000
2945362375687684096.000000
612547228591376384.000000
-4970788354493650944.000000
-1939319259140420096.000000
2191631120439820288.000000
-463612395257032192.000000
-550963876436781056.000000
3985871622127222784.000000
-3910875690802535936.000000
-2149742490314176512.000000
4596372199223738368.000000
6981210715738851328.000000
-7325877960463978496.000000
-7519374590160914432.000000
-2692363825450502144.000000
955841198986326016.000000
-8603098535446513664.000000
8650817680371623936.000000
-3302018030284816896.000000
-5141795954265853952.000000
-6617512969615699968.000000
-7429243060479293440.000000
8929003239481071616.000000
-4420929551860426752.000000
682944904978151424.000000
-960592543946240512.000000
-7386646611072878592.000000
-2724368996821157888.000000
-567252657180737024.000000
6292924672651849728.000000
7464433379023405056.000000
-8530523680055394304.000000
153392983853047808.000000
-6145578571313885184.000000
5147582716412340224.000000
6731831060769214464.000000
-1634441945530207744.000000
-6641333615559927808.000000
-8610527176024053760.000000
8901936723373912064.000000
-2337373052627931136.000000
-1474349235819552768.000000
-8290186063941951488.000000
-2481159022144963072.000000
-8916640135697938432.000000
-4966927110605770752.000000
4886758294166679552.000000
8192632925912008704.000000
4611672144523339776.000000
-2962476704113627648.000000
-192787988619286528.000000
-2970200348600756224.000000
-5912360998522390528.000000
-6069226119918397440.000000
-674210485109800448.000000
6909651568955695104.000000
8192563386033698816.000000
1996912947675709440.000000
1782977666468839424.000000
5232312851580229632.000000
485035659061248.000000
-8294208451570485248.000000
3672711285583462400.000000
9083110294458632192.000000
-4293248467550558208.000000
3303638801761230848.000000
6719806542568175616.000000
4627259628210903040.000000
8568323835825833984.000000
1000596337560625152.000000
-5305458801368772608.000000
-5120018821759348736.000000
-5188158430767327232.000000
1283405140556144640.000000
-883432313859132928.000000
8674335782419216384.000000
3330461768512690176.000000
-7649946539655331840.000000
-8182637457182097408.000000
-224354723011629568.000000
7028293585549252608.000000
8788109866406481920.000000
2170405525008963584.000000
783964062097244160.000000
6541466012046415872.000000
4497953399227500544.000000
-394828085676167168.000000
3266578520413140992.000000
1974632846095892480.000000
3960459376934535168.000000
-562677570931859968.000000
-811386984197615616.000000
7497090474302210048.000000
-6692102050162337792.000000
-4995021848190558208.000000
7039008293920249856.000000
7460324053831428096.000000
2689251202321526784.000000
-3234028333190876672.000000
363607322053810176.000000
-9222351000167974912.000000
-3470566358647437312.000000
-1375176410208479232.000000
7108225278363357184.000000
3318190269379500032.000000
-809262857716094976.000000
-306056982853370368.000000
5326302211572727808.000000
-4990917332944101376.000000
7015252584874729472.000000
-3436768662357127168.000000
8438478867644784640.000000
-521091449036943872.000000
3903032606724315136.000000
-6388212554201776128.000000
4250907929868775424.000000
2698102601597687808.000000
-5259522081452924928.000000
-5783824996525494272.000000
5673854432798277632.000000
4557811769147762688.000000
3225364227545272320.000000
-4115583852901895680.000000
-5996872834074331136.000000
3771884378855317504.000000
-679758893074338304.000000
6279798069617717248.000000
-5444265762977255424.000000
-6180417952176357376.000000
-6920608508506193920.000000
4096665114123005952.000000
-8661613967178717184.000000
4556239492866660352.000000
-7515274393402447872.000000
-5212118413847416832.000000
4597932433992265728.000000
4273995466986520576.000000
-8381930517345323008.000000
-5365105865940436992.000000
-3930723621021274112.000000
3269930853142558720.000000
-8060520786472148992.000000
1026547237363431424.000000
-9052922824041848832.000000
6143468502352111616.000000
8934301117500606464.000000
3753816226961258496.000000
-5872867668769441792.000000
228619086511169536.000000
1483987631796787200.000000
5304216518051831808.000000
1964125605203191808.000000
-5194550591286568960.000000
-826989351645120512.000000
6988913111672606720.000000
-142625796714491904.000000
3976401415261003776.000000
-255311080482894336.000000
3847034331795359744.000000
-34306726126594048.000000
6355827107075153920.000000
-5638390847309062144.000000
5041975047593207808.000000
8748528273801314304.000000
6683435800918771712.000000
5172958628842082304.000000
8947266349006661632.000000
4677533602910992384.000000
-9148697667430971392.000000
-4252353838923352064.000000
-1651128556784480256.000000
-1324036694763380224.000000
-3729160172183597056.000000
-1823786393175203840.000000
-6997643299525373952.000000
8867343854847449088.000000
-1731771340638365696.000000
1276713117299546112.000000
-2884969321416540160.000000
5328762135817830400.000000
-1634890369754463744.000000
-2595984148566378496.000000
-1853917757099671552.000000
-3655575144928964608.000000
5076908889040025600.000000
7862240891081306112.000000
-3222456018215980544.000000
8353989369822799872.000000
-8966069502336790528.000000
617332764947834880.000000
-3604825271527225344.000000
7062520406856321024.000000
-4600198866059685888.000000
3272670521936852992.000000
5726313838027689984.000000
-1251647597503815168.000000
4651060927488620544.000000
6080088210647529472.000000
-2231433036416871936.000000
-7442346007723012096.000000
-4003174135505978092716729904134094848.000000
-9362975833187630505395058958839840768.000000
-54739528582311950282469874410503274496.000000
-15893470849472329880937543822888402944.000000
-20324124844107498643587645368201904128.000000
10593367948042738813248585175132012544.000000
-18251198377219520440058937354586423296.000000
-66992816675029619602740196760222695424.000000
-19340205348776022548453800626211520512.000000
1220558080856473805127697967458811904.000000
-1110168978587302404332703880866430976.000000
1097061297680210029682810796973752320.000000
11693298955823141210948567435304763392.000000
-37626525664640496877294411790667481088.000000
2022302030352415746093550307266002944.000000
18886072458635075230550852696866291712.000000
-19912145246716369714225934339802136576.000000
16840015087805634617487152372103774208.000000
-11828910650945791380952733855359434752.000000
35720501769248836891334531520615415808.000000
-236137538147915867386385214210048.000000
-46039688379728817838339710125852327936.000000
1387340405533887236702196938177511424.000000
29971947604475101440940744629538521088.000000
-17473324025320858948489331658821992448.000000
4998399232560873314365807004502458368.000000
4632731241169001864762543039693455360.000000
22074879594359659110476071273993601024.000000
-62289328208784193510442226214340919296.000000
-487276651949164906201990268274606080.000000
30698164332326084125172043390381981696.000000
-22376371527023367526173926169969164288.000000
27127443447538521701959499389167730688.000000
-8636080674316768644301457747934707712.000000
2865877298155964683332123328262438912.000000
-56056664345474555961878866342583468032.000000
-17059512191754890810990554926479835136.000000
16018290139935878298391076718629617664.000000
-60769428756454340922166506148853710848.000000
207137681110061175353413239117447168.000000
14658579818504021168723627127479468032.000000
65225538197953402065653803748251664384.000000
-16043578600303214087460531502732804096.000000
6794183505391810728333402829012074496.000000
18479216185810728633004990369489747968.000000
-27305485684931381697360024153058443264.000000
1033119255785306894273362255071412224.000000
15105779668627316226905517498319241216.000000
3927790993947813836867868010005659648.000000
-12781626257592518545621164062362566656.000000
4790945210795631552259932433443454976.000000
-2009739915538606502445046617643941888.000000
63471265485542030121209850131313065984.000000
-18861581958458212502800227199459786752.000000
-12444580154175418453032469805316177920.000000
64313055978227916626974647506496913408.000000
11264135394967167138716218797303267328.000000
-4247996975683550865138265373771038720.000000
1509478343710890380959444217423200256.000000
828428129919044424924654883248799744.000000
27558524567781425222637163574781280256.000000
-11187757158324871584037607616217612288.000000
4637139725332847407576306514535645184.000000
36497665098968065748840747963686846464.000000
27518157151243023969294922152012677120.000000
-2426244128666265499372177313329315840.000000
2746255253532639572588535664953262080.000000
12069989065652280569499122398260101120.000000
-15988177954532560732938869873630511104.000000
61073726985218291065474730393920864256.000000
-23976403936472856408637302129335205888.000000
1498153403190240463683357268139573248.000000
4270666121294770198953243586762637312.000000
-3516450805299712701606644057546686464.000000
56565479289436966183481886901398405120.000000
-4570762029387563676582852807024967680.000000
23869611004496950020206786090125754368.000000
13636846294537007382165786916483497984.000000
2038520953148986458984024356690067456.000000
19746060933382937239366867723118182400.000000
31989190725244209363734655525682413568.000000
24883951857451167841397265653580169216.000000
21498615032380088643430783030644441088.000000
-7211373456839124918688091594161127424.000000
25403466128728702155140188509187342336.000000
-112464836735360260000529062903676928.000000
48273949000805162778312021101475004416.000000
-42296428214853918738515948050673827840.000000
47528756834796629252504586062911242240.000000
28377046912468210458408107172176068608.000000
-37077979257711463380415291254472966144.000000
-54698929976854677838418752312635817984.000000
12369660191885219807209763042511290368.000000
-47327158135632114483698631753011822592.000000
22620398179638564960162580149500379136.000000
-8666525336388908693078373019089371136.000000
4164514519133072217708560636262219776.000000
51806680521073765950554793129736667136.000000
12884928031562541371490137000934113280.000000
25636172806094028551402003303107657728.000000
4199352753811665097884556953458311168.000000
-30293770461411636093070519451764391936.000000
-4005506339129467628393280441820381184.000000
11140689857865239321900719445968420864.000000
29023800769948314210203566067467419648.000000
-17123914548019347261897829753953452032.000000
27423950449384529197219808984094998528.000000
-15050055084793940003540346244872273920.000000
1651293800701716006071880294821003264.000000
4928974508745295135688450520349933568.000000
-4970774562759053271227925717705555968.000000
17339448855466381612658878836486701056.000000
36776509867136142309984750724255318016.000000
-4073516256709829534787112014727610368.000000
-11368384628907758335650255867767422976.000000
-461576979057897856739974697747218432.000000
-18352858358518030463997958437996593152.000000
879677805750360039686632762178011136.000000
33028381935260068785713133313822031872.000000
-55984897839071395866634156280643584.000000
18720214027555054744949823541604253696.000000
-3453780687234148284161999882172760064.000000
-25062590850223887039493669683147571200.000000
-16966189370517383534999684347412348928.000000
14647625892755215068306438302096949248.000000
-2398247740483010735148336636581904384.000000
-4929620551161075228354213856061423616.000000
18644048449389431079254152460581732352.000000
35779419310057649431415392440359583744.000000
9141465731384136070597928535334060032.000000
-7589201395748598326722874298324746240.000000
-9243379161513560989133560714163650560.000000
27319372316439868491674619990660612096.000000
13713733062722851832889935955880837120.000000
18840201683048208895568805108379549696.000000
8475772582041416339996130675542458368.000000
14898599484374169331432764164693557248.000000
11044612407897284920834984508232040448.000000
9526220716135968488893909839646818304.000000
-27399407591193192818376168321612513280.000000
10818908225749971883729711349847031808.000000
19286197220851015500580106321388371968.000000
-16553637658874450288099684761257115648.000000
16161040187262921191520373031827406848.000000
3467249058808172769589751982275428352.000000
-7552409978681949170553572359265058816.000000
23803143826286474372623550552016420864.000000
-22759349638918758221394729890792603648.000000
5086026749667712952668584204105154560.000000
3884828587776614872226563316776960000.000000
-26907978082334929588068593916683747328.000000
-60246997571562306760782119964669640704.000000
-705638230382302305832513803682578432.000000
-20112453830585751903917453616777003008.000000
29476674141384150634744502418155765760.000000
-8425880174013346631721221296381493248.000000
-7601889071104033491224360966548357120.000000
-40379894218943050403657777328982851584.000000
19213814801545348130562227553691500544.000000
-66251293234204701681842470219629461504.000000
