double
2
2
1
10
1712680879504951296.000000
6350582077646612480.000000
6602931244257685504.000000
6405663928679757824.000000
2279347886065231872.000000
-2132781035868827648.000000
-3734827318757705728.000000
-8177202284157255680.000000
-4193751147670757888.000000
-412005967561410560.000000
5758496608311214080.000000
-369355992499640320.000000
-1977771478897434624.000000
6199559041169221632.000000
-2999511391495295488.000000
2733288686145640448.000000
-2430514639735552000.000000
8433024137284718592.000000
-6634357161844193280.000000
6826904809115295744.000000
-486845727188271616.000000
5550823643817551872.000000
377742843816673280.000000
3299744980831092736.000000
4069954058654791680.000000
1512998100729454592.000000
689414377009500160.000000
4770616167672172544.000000
-7269721523402319872.000000
-486986243760502784.000000
-5786146963276044288.000000
4370368997849575424.000000
-5228723025624023040.000000
-6729036998070968320.000000
-3244025889925666816.000000
-6462358127649136640.000000
-5122266333468012544.000000
-2093908768760831488.000000
7426630970081114112.000000
-923259730526484480.000000
-833811368224036580883559883250597888.000000
35250961148604809379894798567532920832.000000
2494210025731863054376299055569436672.000000
21137057397551808733711488852563066880.000000
9276841179977410185024086896329883648.000000
-3226893656541335043256728816411738112.000000
-2574843649199405506667586974138761216.000000
-39010293423126424331808428525801701376.000000
30487402982015289995987517637702713344.000000
200641238549642888041918910250876928.000000
-33319507663215331697900024229236047872.000000
-1614221978790388248571948141945815040.000000
10341219271133492795494390499985326080.000000
-41717062159753071503416392789532868608.000000
9730492611137701624357093294043299840.000000
-17663490356124709766817891852511870976.000000
12449743312118554527035028284066758656.000000
-17657983188232217474735145948312240128.000000
-49270922364731528839148895521610924032.000000
-6303006294393748490382982478699692032.000000
