float
4
2
1
10
209652480.000000
398764544.000000
924231168.000000
1478610176.000000
441365248.000000
1537364736.000000
192771840.000000
1491434752.000000
-327900160.000000
530702080.000000
626610432.000000
-496576768.000000
-268060928.000000
-869582272.000000
1682652160.000000
-1903903232.000000
1991416320.000000
-976433728.000000
-500614912.000000
-95927552.000000
1252949504.000000
1340754432.000000
124102656.000000
-85997504.000000
292249088.000000
-460485696.000000
1827923712.000000
1443447296.000000
-1842386176.000000
-698378176.000000
-1773266176.000000
636393472.000000
-2060646400.000000
-565898240.000000
1428591360.000000
1963466496.000000
1194674176.000000
-1544681728.000000
1589190144.000000
1589512704.000000
2055650048.000000
-113352640.000000
1284876288.000000
1292401920.000000
-165444864.000000
87950080.000000
1204863744.000000
768281856.000000
-1639498752.000000
947610112.000000
600956160.000000
352272384.000000
-1531785984.000000
160516864.000000
1909838336.000000
1110745600.000000
93837824.000000
-1692613888.000000
-366524160.000000
-113385408.000000
-1011226048.000000
-1347192320.000000
1177824768.000000
1017555712.000000
-188332992.000000
-1217406976.000000
293921536.000000
-1566726144.000000
-2066782208.000000
-755308608.000000
505240576.000000
-1504634880.000000
481447424.000000
-1192620544.000000
502227712.000000
-487526144.000000
1905883392.000000
1729147392.000000
780912128.000000
-214963200.000000
2265302528.000000
285411904.000000
2209107456.000000
2771012096.000000
275920384.000000
1625314816.000000
1397635584.000000
2259716608.000000
-1967398912.000000
1478312192.000000
1227566592.000000
-144304384.000000
-1799846912.000000
-709065408.000000
3592490496.000000
-793157632.000000
2085254144.000000
-2669047552.000000
-867139072.000000
-209312960.000000
241723456.000000
-6437888.000000
1301927424.000000
931558208.000000
103916096.000000
-1677892608.000000
2121845248.000000
-123278848.000000
-3909168384.000000
-1453686784.000000
-1268025600.000000
-868241408.000000
-1579198976.000000
-1758518784.000000
1930819072.000000
1475940352.000000
3100557568.000000
184465664.000000
2370102272.000000
1374549504.000000
