float
16
2
1
10
209652480.000000
398764544.000000
924231168.000000
1478610176.000000
441365248.000000
1537364736.000000
192771840.000000
1491434752.000000
-327900160.000000
530702080.000000
626610432.000000
-496576768.000000
-268060928.000000
-869582272.000000
1682652160.000000
-1903903232.000000
1991416320.000000
-976433728.000000
-500614912.000000
-95927552.000000
1252949504.000000
1340754432.000000
124102656.000000
-85997504.000000
292249088.000000
-460485696.000000
1827923712.000000
1443447296.000000
-1842386176.000000
-698378176.000000
-1773266176.000000
636393472.000000
-2060646400.000000
-565898240.000000
1428591360.000000
1963466496.000000
1194674176.000000
-1544681728.000000
1589190144.000000
1589512704.000000
2055650048.000000
-113352640.000000
1284876288.000000
1292401920.000000
-165444864.000000
87950080.000000
1204863744.000000
768281856.000000
-1639498752.000000
947610112.000000
600956160.000000
352272384.000000
-1531785984.000000
160516864.000000
1909838336.000000
1110745600.000000
93837824.000000
-1692613888.000000
-366524160.000000
-113385408.000000
-1011226048.000000
-1347192320.000000
1177824768.000000
1017555712.000000
-188332992.000000
-1217406976.000000
293921536.000000
-1566726144.000000
-2066782208.000000
-755308608.000000
505240576.000000
-1504634880.000000
481447424.000000
-1192620544.000000
502227712.000000
-487526144.000000
1905883392.000000
1729147392.000000
780912128.000000
-214963200.000000
-603408960.000000
485603840.000000
-270445632.000000
1728073984.000000
848819456.000000
-1721077760.000000
-1888817152.000000
2017814528.000000
716257536.000000
657731328.000000
732883968.000000
-1413432576.000000
-1243897344.000000
-609231808.000000
-1593749504.000000
1076688896.000000
-792729152.000000
463129088.000000
-585357824.000000
-751416384.000000
301492736.000000
-1982447616.000000
-263704512.000000
576702720.000000
2097549568.000000
1971172096.000000
-1709204480.000000
656229376.000000
-1250364928.000000
580073472.000000
-1454664704.000000
2127295488.000000
657595136.000000
351544576.000000
-1059604480.000000
-367784000.000000
-144694208.000000
-108673472.000000
-1097683712.000000
530471936.000000
-1464714496.000000
-695751936.000000
-1673425920.000000
750555392.000000
671430400.000000
-785112576.000000
-1553992448.000000
1195484672.000000
-1303168768.000000
1930893056.000000
-563821056.000000
698047488.000000
1378655488.000000
-2089193984.000000
-1730436864.000000
527619840.000000
1451462400.000000
745862400.000000
-1734744064.000000
2026988288.000000
2046377728.000000
1624328704.000000
-134642112.000000
41336320.000000
2047673344.000000
-1908190976.000000
450308096.000000
-209769536.000000
1027629312.000000
-2061637120.000000
-1979173376.000000
-250349632.000000
-932836928.000000
2059809280.000000
-1631243264.000000
-603681344.000000
-875571200.000000
-82061760.000000
-1637552128.000000
810293504.000000
-781756352.000000
1634131456.000000
-368237632.000000
1796307712.000000
-1871972352.000000
-1216239616.000000
826661376.000000
279984128.000000
286051072.000000
1568103680.000000
-1007644416.000000
38521344.000000
99849728.000000
1789811456.000000
-1744012288.000000
1808858112.000000
326187776.000000
-1790518272.000000
1843813120.000000
-954691520.000000
-779240448.000000
-2107297024.000000
719022080.000000
1470348032.000000
-1581416192.000000
632108032.000000
929118208.000000
1466242304.000000
-904494016.000000
-1010476288.000000
-1360682752.000000
-438856640.000000
371570176.000000
226866432.000000
-2061122304.000000
-1439069696.000000
1412786688.000000
-559169984.000000
-2127316736.000000
-1518521088.000000
763716096.000000
299008768.000000
-987808256.000000
875044864.000000
1010150656.000000
-908486720.000000
1985084672.000000
-286525504.000000
-1079097088.000000
1099969792.000000
327093248.000000
-446254528.000000
395316992.000000
1700972032.000000
310319616.000000
596661504.000000
-1189355264.000000
1681713408.000000
1944542208.000000
773332736.000000
-227094784.000000
-218193984.000000
1487813888.000000
2055446528.000000
856756992.000000
-1648400384.000000
-870001664.000000
1146857984.000000
1347751424.000000
-378729536.000000
-444504512.000000
753505024.000000
1636825856.000000
-1074616832.000000
349064448.000000
-802221120.000000
1639540992.000000
1998947328.000000
826916864.000000
379954688.000000
967459840.000000
685770496.000000
5688064.000000
142619648.000000
1958864384.000000
-1157351936.000000
618433280.000000
-451532864.000000
-327040064.000000
510278912.000000
456955392.000000
-107943168.000000
-2065049600.000000
-128281152.000000
-852229632.000000
928033024.000000
687940096.000000
-910571584.000000
-901609920.000000
-500526016.000000
506872320.000000
1070176256.000000
-305936128.000000
1625439744.000000
-1565626880.000000
-1705688832.000000
-866370816.000000
-1750740736.000000
300496896.000000
-626864704.000000
390295552.000000
222549248.000000
319224576.000000
-2003065088.000000
657992448.000000
2014175488.000000
653278464.000000
-768811008.000000
-294555584.000000
-1197167616.000000
1703154688.000000
-1540759808.000000
-568817408.000000
-1729755392.000000
-275458048.000000
2078945536.000000
1683298048.000000
-1029327872.000000
1315093248.000000
159010560.000000
875694848.000000
-223655424.000000
-1717012480.000000
-1719837696.000000
1801664000.000000
-634316544.000000
920159488.000000
-132073920.000000
2142531584.000000
1465185792.000000
-1505608192.000000
1737948928.000000
1581089280.000000
-1986167296.000000
-1449581824.000000
35714560.000000
496324608.000000
-1430878976.000000
-1615680768.000000
1198514944.000000
1494683904.000000
1567376640.000000
1319924992.000000
-380548160.000000
296785408.000000
-1546306048.000000
-398644736.000000
-2004794624.000000
-1850413568.000000
2072643584.000000
991408832.000000
-1235366912.000000
1292468736.000000
-317697536.000000
2313337600.000000
2753604352.000000
-633889536.000000
1211450624.000000
-613951232.000000
-1037401600.000000
1634254848.000000
-535098112.000000
-367910656.000000
-2659393792.000000
3426664448.000000
-3712761344.000000
1665228544.000000
814084544.000000
-2344428032.000000
858763968.000000
2032189952.000000
3448051456.000000
-594919424.000000
-1556345600.000000
1873665280.000000
-1092593664.000000
898805504.000000
-22795008.000000
-937892160.000000
312098112.000000
-412583424.000000
1075250176.000000
-2432216576.000000
-792764672.000000
3489713664.000000
3402536192.000000
-218112512.000000
-985511744.000000
3716506880.000000
3108033792.000000
1291933952.000000
-412361408.000000
2272684544.000000
417357056.000000
-1175595520.000000
996436800.000000
-780220928.000000
1054807360.000000
-560401664.000000
-152359680.000000
273862912.000000
798526912.000000
-1927102976.000000
-1540455168.000000
1599518720.000000
514084096.000000
1283193088.000000
-3374327296.000000
-2311066368.000000
-886718144.000000
-784131264.000000
-1128998400.000000
-309989120.000000
-1037890816.000000
-1045089984.000000
430993408.000000
1163923200.000000
-2713584128.000000
-3414533632.000000
-376579072.000000
949745088.000000
-2258139904.000000
-1155378432.000000
-118003712.000000
153163264.000000
314694976.000000
266342400.000000
-269799936.000000
-46004736.000000
-594917888.000000
-1570868736.000000
-200166656.000000
-276133696.000000
1585454336.000000
-1110044928.000000
-563725824.000000
-2507250432.000000
2469347328.000000
1043297600.000000
147452416.000000
275928576.000000
-1305489408.000000
821152256.000000
-480950656.000000
-741519872.000000
148655872.000000
-1480669184.000000
1373700608.000000
316252096.000000
-250890368.000000
-205379584.000000
-3052623872.000000
42231616.000000
-1048737024.000000
3663176448.000000
3676860928.000000
-842833664.000000
2406970112.000000
-1550861824.000000
1206938112.000000
-1844960256.000000
1904746240.000000
338370560.000000
2354609664.000000
-1717596928.000000
-2381959424.000000
-797972672.000000
660137536.000000
-803128128.000000
1727639552.000000
-3167869184.000000
845007872.000000
-1104608512.000000
2480310784.000000
946888448.000000
-2864058112.000000
-3237290496.000000
2224812544.000000
-2618262016.000000
1771882496.000000
-1439515904.000000
921702912.000000
3095667968.000000
-369356288.000000
-3532100864.000000
1161936384.000000
531302912.000000
877936320.000000
-3877275648.000000
561802496.000000
3551985920.000000
-113620224.000000
-1715731456.000000
2027503616.000000
3497255168.000000
-1943905536.000000
-46016512.000000
1221109504.000000
2643310080.000000
-3260152064.000000
-3473857280.000000
-1817726208.000000
-2252761856.000000
2440357376.000000
-1928028672.000000
942624704.000000
-476926464.000000
1922732800.000000
212861440.000000
-1262350080.000000
