float
16
2
1
10
209652480.000000
398764544.000000
924231168.000000
1478610176.000000
441365248.000000
1537364736.000000
192771840.000000
1491434752.000000
-327900160.000000
530702080.000000
626610432.000000
-496576768.000000
-268060928.000000
-869582272.000000
1682652160.000000
-1903903232.000000
1991416320.000000
-976433728.000000
-500614912.000000
-95927552.000000
1252949504.000000
1340754432.000000
124102656.000000
-85997504.000000
292249088.000000
-460485696.000000
1827923712.000000
1443447296.000000
-1842386176.000000
-698378176.000000
-1773266176.000000
636393472.000000
-2060646400.000000
-565898240.000000
1428591360.000000
1963466496.000000
1194674176.000000
-1544681728.000000
1589190144.000000
1589512704.000000
2055650048.000000
-113352640.000000
1284876288.000000
1292401920.000000
-165444864.000000
87950080.000000
1204863744.000000
768281856.000000
-1639498752.000000
947610112.000000
600956160.000000
352272384.000000
-1531785984.000000
160516864.000000
1909838336.000000
1110745600.000000
93837824.000000
-1692613888.000000
-366524160.000000
-113385408.000000
-1011226048.000000
-1347192320.000000
1177824768.000000
1017555712.000000
-188332992.000000
-1217406976.000000
293921536.000000
-1566726144.000000
-2066782208.000000
-755308608.000000
505240576.000000
-1504634880.000000
481447424.000000
-1192620544.000000
502227712.000000
-487526144.000000
1905883392.000000
1729147392.000000
780912128.000000
-214963200.000000
-603408960.000000
485603840.000000
-270445632.000000
1728073984.000000
848819456.000000
-1721077760.000000
-1888817152.000000
2017814528.000000
716257536.000000
657731328.000000
732883968.000000
-1413432576.000000
-1243897344.000000
-609231808.000000
-1593749504.000000
1076688896.000000
-792729152.000000
463129088.000000
-585357824.000000
-751416384.000000
301492736.000000
-1982447616.000000
-263704512.000000
576702720.000000
2097549568.000000
1971172096.000000
-1709204480.000000
656229376.000000
-1250364928.000000
580073472.000000
-1454664704.000000
2127295488.000000
657595136.000000
351544576.000000
-1059604480.000000
-367784000.000000
-144694208.000000
-108673472.000000
-1097683712.000000
530471936.000000
-1464714496.000000
-695751936.000000
-1673425920.000000
750555392.000000
671430400.000000
-785112576.000000
-1553992448.000000
1195484672.000000
-1303168768.000000
1930893056.000000
-563821056.000000
698047488.000000
1378655488.000000
-2089193984.000000
-1730436864.000000
527619840.000000
1451462400.000000
745862400.000000
-1734744064.000000
2026988288.000000
2046377728.000000
1624328704.000000
-134642112.000000
41336320.000000
2047673344.000000
-1908190976.000000
450308096.000000
-209769536.000000
1027629312.000000
-2061637120.000000
-1979173376.000000
-250349632.000000
-932836928.000000
2059809280.000000
-1631243264.000000
-603681344.000000
-875571200.000000
-82061760.000000
-1637552128.000000
810293504.000000
-781756352.000000
1634131456.000000
-368237632.000000
1796307712.000000
-1871972352.000000
-1216239616.000000
826661376.000000
279984128.000000
286051072.000000
1568103680.000000
-1007644416.000000
38521344.000000
99849728.000000
1789811456.000000
-1744012288.000000
1808858112.000000
326187776.000000
-1790518272.000000
1843813120.000000
-954691520.000000
-779240448.000000
-2107297024.000000
719022080.000000
1470348032.000000
-1581416192.000000
632108032.000000
929118208.000000
1466242304.000000
-904494016.000000
-1010476288.000000
-1360682752.000000
-438856640.000000
371570176.000000
226866432.000000
-2061122304.000000
-1439069696.000000
1412786688.000000
-559169984.000000
-2127316736.000000
-1518521088.000000
763716096.000000
299008768.000000
-987808256.000000
875044864.000000
1010150656.000000
-908486720.000000
1985084672.000000
-286525504.000000
-1079097088.000000
1099969792.000000
327093248.000000
-446254528.000000
395316992.000000
1700972032.000000
310319616.000000
596661504.000000
-1189355264.000000
1681713408.000000
1944542208.000000
773332736.000000
-227094784.000000
-218193984.000000
1487813888.000000
2055446528.000000
856756992.000000
-1648400384.000000
-870001664.000000
1146857984.000000
1347751424.000000
-378729536.000000
-444504512.000000
753505024.000000
1636825856.000000
-1074616832.000000
349064448.000000
-802221120.000000
1639540992.000000
1998947328.000000
826916864.000000
379954688.000000
967459840.000000
685770496.000000
5688064.000000
142619648.000000
1958864384.000000
-1157351936.000000
618433280.000000
-451532864.000000
-327040064.000000
510278912.000000
456955392.000000
-107943168.000000
-2065049600.000000
-128281152.000000
-852229632.000000
928033024.000000
687940096.000000
-910571584.000000
-901609920.000000
-500526016.000000
506872320.000000
1070176256.000000
-305936128.000000
1625439744.000000
-1565626880.000000
-1705688832.000000
-866370816.000000
-1750740736.000000
300496896.000000
-626864704.000000
390295552.000000
222549248.000000
319224576.000000
-2003065088.000000
657992448.000000
2014175488.000000
653278464.000000
-768811008.000000
-294555584.000000
-1197167616.000000
1703154688.000000
-1540759808.000000
-568817408.000000
-1729755392.000000
-275458048.000000
2078945536.000000
1683298048.000000
-1029327872.000000
1315093248.000000
159010560.000000
875694848.000000
-223655424.000000
-1717012480.000000
-1719837696.000000
1801664000.000000
-634316544.000000
920159488.000000
-132073920.000000
2142531584.000000
1465185792.000000
-1505608192.000000
1737948928.000000
1581089280.000000
-1986167296.000000
-1449581824.000000
35714560.000000
496324608.000000
-1430878976.000000
-1615680768.000000
1198514944.000000
1494683904.000000
1567376640.000000
1319924992.000000
-380548160.000000
296785408.000000
-1546306048.000000
-398644736.000000
-2004794624.000000
-1850413568.000000
2072643584.000000
-163897154606202880.000000
651633675099701248.000000
-340336713228353536.000000
2656038837049884672.000000
-826223545926287360.000000
-1869803910550519808.000000
159357030576947200.000000
417578057914646528.000000
-93796193049509888.000000
832195886929936384.000000
-631400530844844032.000000
-19128805083840512.000000
-26765810986909696.000000
-1556388258491924480.000000
-2934566023086473216.000000
-3443890870275801088.000000
649575664210411520.000000
1748322444210339840.000000
-923040355115335680.000000
91581218285420544.000000
-976348939437473792.000000
-2825367750895992832.000000
89232549779341312.000000
-126446259555794944.000000
-462167446309044224.000000
-291076702518378496.000000
1698357199870361600.000000
2116443472675209216.000000
1666427244760793088.000000
705694600253145088.000000
2412852703509086208.000000
-279285505462370304.000000
-765674746254721024.000000
-128383315576094720.000000
-2944501485032964096.000000
-2825565113233178624.000000
1687819755307663360.000000
863739638580248576.000000
-3380710733120536576.000000
-2413708673311309824.000000
1569933004795543552.000000
-33893433768673280.000000
-1269211351918575616.000000
1130909694135631872.000000
-167124238413594624.000000
-79901475630743552.000000
2391756648784855040.000000
-220132346823704576.000000
1769178393082855424.000000
1042342520689786880.000000
196568695948967936.000000
-157203138837741568.000000
-605541048151703552.000000
273034695959117824.000000
592660269432307712.000000
662739154857099264.000000
-111606511892955136.000000
-2846491568288825344.000000
-712721716505214976.000000
-87684643565862912.000000
229644153196118016.000000
293949245365420032.000000
1752384040163344384.000000
2091531287968874496.000000
-161355616298729472.000000
2006774059752226816.000000
-255712233860890624.000000
-1796812418823749632.000000
-2785508530243764224.000000
286057672455749632.000000
-224581709604061184.000000
-1133749938828607488.000000
788045615991881728.000000
1281610132228145152.000000
175309844784349184.000000
391103776422887424.000000
3124773838110326784.000000
3456474505977790464.000000
645749432465227776.000000
-81676276376535040.000000
-583773947737145344.000000
333012797556260864.000000
-1538312061845504.000000
246457300892516352.000000
1662722165453094912.000000
1991892719626092544.000000
-1168107409453875200.000000
-911109554442338304.000000
-234244904983724032.000000
335626439774699520.000000
334895264542228480.000000
152570398133714944.000000
2568709576257961984.000000
78152960084803584.000000
1358240595125993472.000000
999202838376611840.000000
-545350173874716672.000000
-421712187275345920.000000
527764413101375488.000000
376103448522784768.000000
152818320825909248.000000
-2121568433811226624.000000
80676734407540736.000000
937395510208102400.000000
-3283980098155315200.000000
-3362206227302973440.000000
1480804942980579328.000000
-1148887533883490304.000000
-375730782800445440.000000
-363627599320055808.000000
-567749149877862400.000000
473428025925435392.000000
209920529501519872.000000
-704166691407396864.000000
-697211730605899776.000000
-740781528123965440.000000
-94525607345389568.000000
83549363153928192.000000
323328883254362112.000000
-635063828710686720.000000
-2494635477894692864.000000
1071986591125209088.000000
951873810603180032.000000
-1298277216676741120.000000
-184950912492503040.000000
-1632206319735799808.000000
-2615832445601185792.000000
-1230545651138297856.000000
-1713788433249337344.000000
307032402943803392.000000
-493735181056737280.000000
-156122112749207552.000000
-2367168545130807296.000000
3593074532077797376.000000
-3117665770314661888.000000
-334678007916527616.000000
1335576911698460672.000000
-98508974764064768.000000
-3716744026557251584.000000
2969914497285750784.000000
-3081042962138791936.000000
2823000227483484160.000000
-212881205077475328.000000
-82100851073613824.000000
-2968270177646411776.000000
-68150200295751680.000000
223498982708477952.000000
300154820273111040.000000
-1660320969496985600.000000
-2470902794287054848.000000
-2958238508432490496.000000
-392392163532472320.000000
-1231274764786466816.000000
-783856614129008640.000000
-484129194641457152.000000
933476094852464640.000000
349041856023101440.000000
164516969926623232.000000
3030148767912296448.000000
1679449585602265088.000000
