double
16
2
1
10
1712680879504951296.000000
6350582077646612480.000000
6602931244257685504.000000
6405663928679757824.000000
2279347886065231872.000000
-2132781035868827648.000000
-3734827318757705728.000000
-8177202284157255680.000000
-4193751147670757888.000000
-412005967561410560.000000
5758496608311214080.000000
-369355992499640320.000000
-1977771478897434624.000000
6199559041169221632.000000
-2999511391495295488.000000
2733288686145640448.000000
-2430514639735552000.000000
8433024137284718592.000000
-6634357161844193280.000000
6826904809115295744.000000
-486845727188271616.000000
5550823643817551872.000000
377742843816673280.000000
3299744980831092736.000000
4069954058654791680.000000
1512998100729454592.000000
689414377009500160.000000
4770616167672172544.000000
-7269721523402319872.000000
-486986243760502784.000000
-5786146963276044288.000000
4370368997849575424.000000
-5228723025624023040.000000
-6729036998070968320.000000
-3244025889925666816.000000
-6462358127649136640.000000
-5122266333468012544.000000
-2093908768760831488.000000
7426630970081114112.000000
-923259730526484480.000000
2085652746300078080.000000
7422021252520431616.000000
-7391972797450815488.000000
8666447652225478656.000000
2824934984265054208.000000
-6070646638896025600.000000
-2616630612829954048.000000
4624343047084265472.000000
1989124713342822400.000000
-3227309016734750720.000000
-8514548043671377920.000000
2476919096164757504.000000
8466119717122609152.000000
2818483910896228352.000000
2491396540874682368.000000
9136664327242881024.000000
1509872133393750016.000000
-1579620740530456576.000000
-466748645402729984.000000
2278359316967895040.000000
-2988232021019312640.000000
3223611365461690368.000000
-3372032628620969984.000000
5134567866055522304.000000
8293122129005852672.000000
2998091541620508672.000000
-8973019429026881536.000000
2266110443269103616.000000
3203454773533839360.000000
8705848612906199040.000000
6976438128957014016.000000
177538324938459136.000000
-8195617351210827776.000000
-900953478902896640.000000
-8854664557495296000.000000
-1075243713765558272.000000
8846813679495546880.000000
-2592791908341960192.000000
-352452045899311104.000000
3480184620042219520.000000
7018541428538562560.000000
7715082732342943744.000000
-5223709636537092096.000000
1202522323945904128.000000
6734953560914315264.000000
165448128566169600.000000
7687181731903019008.000000
7768986683655880704.000000
-7690217264037939200.000000
-4100368757687951872.000000
-9050771352993284096.000000
6315096722634401792.000000
2714883669142372352.000000
6297462428940711936.000000
-4339962445891730944.000000
-1884874443199242240.000000
974384402440501248.000000
-6180757572956078080.000000
-2401616734789998592.000000
-6521998308146956288.000000
1284232891278385152.000000
3758289478299369472.000000
-3901921113164894720.000000
-1230618008614732288.000000
4724334593533954048.000000
-1916648467833352704.000000
7305618813306802176.000000
2562641614560237568.000000
7222904377325641728.000000
3321439076131231744.000000
-937136435860418560.000000
8828075358079041536.000000
-7079825139989147648.000000
4925717905081159680.000000
-1626631272596697600.000000
3236279759277221888.000000
-4615444076667340800.000000
-3445513622387798528.000000
8585413876420012032.000000
1631892755737853952.000000
2945362375687684096.000000
612547228591376384.000000
-4970788354493650944.000000
-1939319259140420096.000000
2191631120439820288.000000
-463612395257032192.000000
-550963876436781056.000000
3985871622127222784.000000
-3910875690802535936.000000
-2149742490314176512.000000
4596372199223738368.000000
6981210715738851328.000000
-7325877960463978496.000000
-7519374590160914432.000000
-2692363825450502144.000000
955841198986326016.000000
-8603098535446513664.000000
8650817680371623936.000000
-3302018030284816896.000000
-5141795954265853952.000000
-6617512969615699968.000000
-7429243060479293440.000000
8929003239481071616.000000
-4420929551860426752.000000
682944904978151424.000000
-960592543946240512.000000
-7386646611072878592.000000
-2724368996821157888.000000
-567252657180737024.000000
6292924672651849728.000000
7464433379023405056.000000
-8530523680055394304.000000
153392983853047808.000000
-6145578571313885184.000000
5147582716412340224.000000
6731831060769214464.000000
-1634441945530207744.000000
-6641333615559927808.000000
-8610527176024053760.000000
8901936723373912064.000000
-2337373052627931136.000000
-1474349235819552768.000000
-8290186063941951488.000000
-2481159022144963072.000000
-8916640135697938432.000000
-4966927110605770752.000000
4886758294166679552.000000
8192632925912008704.000000
4611672144523339776.000000
-2962476704113627648.000000
-192787988619286528.000000
-2970200348600756224.000000
-5912360998522390528.000000
-6069226119918397440.000000
-674210485109800448.000000
6909651568955695104.000000
8192563386033698816.000000
1996912947675709440.000000
1782977666468839424.000000
5232312851580229632.000000
485035659061248.000000
-8294208451570485248.000000
3672711285583462400.000000
9083110294458632192.000000
-4293248467550558208.000000
3303638801761230848.000000
6719806542568175616.000000
4627259628210903040.000000
8568323835825833984.000000
1000596337560625152.000000
-5305458801368772608.000000
-5120018821759348736.000000
-5188158430767327232.000000
1283405140556144640.000000
-883432313859132928.000000
8674335782419216384.000000
3330461768512690176.000000
-7649946539655331840.000000
-8182637457182097408.000000
-224354723011629568.000000
7028293585549252608.000000
8788109866406481920.000000
2170405525008963584.000000
783964062097244160.000000
6541466012046415872.000000
4497953399227500544.000000
-394828085676167168.000000
3266578520413140992.000000
1974632846095892480.000000
3960459376934535168.000000
-562677570931859968.000000
-811386984197615616.000000
7497090474302210048.000000
-6692102050162337792.000000
-4995021848190558208.000000
7039008293920249856.000000
7460324053831428096.000000
2689251202321526784.000000
-3234028333190876672.000000
363607322053810176.000000
-9222351000167974912.000000
-3470566358647437312.000000
-1375176410208479232.000000
7108225278363357184.000000
3318190269379500032.000000
-809262857716094976.000000
-306056982853370368.000000
5326302211572727808.000000
-4990917332944101376.000000
7015252584874729472.000000
-3436768662357127168.000000
8438478867644784640.000000
-521091449036943872.000000
3903032606724315136.000000
-6388212554201776128.000000
4250907929868775424.000000
2698102601597687808.000000
-5259522081452924928.000000
-5783824996525494272.000000
5673854432798277632.000000
4557811769147762688.000000
3225364227545272320.000000
-4115583852901895680.000000
-5996872834074331136.000000
3771884378855317504.000000
-679758893074338304.000000
6279798069617717248.000000
-5444265762977255424.000000
-6180417952176357376.000000
-6920608508506193920.000000
4096665114123005952.000000
-8661613967178717184.000000
4556239492866660352.000000
-7515274393402447872.000000
-5212118413847416832.000000
4597932433992265728.000000
4273995466986520576.000000
-8381930517345323008.000000
-5365105865940436992.000000
-3930723621021274112.000000
3269930853142558720.000000
-8060520786472148992.000000
1026547237363431424.000000
-9052922824041848832.000000
6143468502352111616.000000
8934301117500606464.000000
3753816226961258496.000000
-5872867668769441792.000000
228619086511169536.000000
1483987631796787200.000000
5304216518051831808.000000
1964125605203191808.000000
-5194550591286568960.000000
-826989351645120512.000000
6988913111672606720.000000
-142625796714491904.000000
3976401415261003776.000000
-255311080482894336.000000
3847034331795359744.000000
-34306726126594048.000000
6355827107075153920.000000
-5638390847309062144.000000
5041975047593207808.000000
8748528273801314304.000000
6683435800918771712.000000
5172958628842082304.000000
8947266349006661632.000000
4677533602910992384.000000
-9148697667430971392.000000
-4252353838923352064.000000
-1651128556784480256.000000
-1324036694763380224.000000
-3729160172183597056.000000
-1823786393175203840.000000
-6997643299525373952.000000
8867343854847449088.000000
-1731771340638365696.000000
1276713117299546112.000000
-2884969321416540160.000000
5328762135817830400.000000
-1634890369754463744.000000
-2595984148566378496.000000
-1853917757099671552.000000
-3655575144928964608.000000
5076908889040025600.000000
7862240891081306112.000000
-3222456018215980544.000000
8353989369822799872.000000
-8966069502336790528.000000
617332764947834880.000000
-3604825271527225344.000000
7062520406856321024.000000
-4600198866059685888.000000
3272670521936852992.000000
5726313838027689984.000000
-1251647597503815168.000000
4651060927488620544.000000
6080088210647529472.000000
-2231433036416871936.000000
-7442346007723012096.000000
4050053932132882432.000000
7824931313466165248.000000
14893117308199636992.000000
8886822950824720384.000000
11195988021763170304.000000
2834146074736943104.000000
-8621585612924385280.000000
-16369835210069264384.000000
-8805423292194097152.000000
2550470736552217088.000000
5951284596930500608.000000
2600844356101115904.000000
3934589519624955904.000000
12268785161087619072.000000
-2325300906385495040.000000
-4176362882810054656.000000
-10623078025769250816.000000
6436111189609009152.000000
-8417334828313032704.000000
1594591957535066112.000000
-487330762847332864.000000
13845032095388037120.000000
-3294968441766789120.000000
-5783365313627539456.000000
8363202526205349888.000000
-1790640701031776256.000000
-6030392165558675456.000000
143356539461269504.000000
-15838045359228153856.000000
-1487582581321127936.000000
-480688161907271680.000000
9490387819608924160.000000
-40564594856695808.000000
-8012442138627112960.000000
-2360593576066533888.000000
-15136693910068353024.000000
-8452728101980702720.000000
5556037770894499840.000000
15609268427263211520.000000
-698905007514854912.000000
-4942640839249174528.000000
-1366088613886050304.000000
-9562378322459779072.000000
7882483590128234496.000000
-3716531027781361664.000000
-10568600038123526144.000000
-2221802527153786880.000000
1357764526671124480.000000
14491867246929920.000000
-7187768393669285888.000000
-7951870472739518464.000000
3288306080362373120.000000
969029242820399104.000000
9510585961058566144.000000
7486418389065240576.000000
2097656033322631168.000000
-5950451920437678080.000000
-4268871942851983360.000000
2767279687788146688.000000
1914751994914084864.000000
6234118979148662784.000000
6694177724109127680.000000
-1996856218412490752.000000
-1973657412307834880.000000
4974931859626352640.000000
3807354399336603648.000000
-8666962446173511680.000000
-3060191768303624192.000000
8194372106477940736.000000
1690596028031469568.000000
10413206791314141184.000000
-8260940542706325504.000000
-7674525902173884416.000000
-4803986085627211776.000000
-2466452003293519872.000000
-5326151643634333696.000000
6148711077897859072.000000
2666730173110964736.000000
5431372950626183168.000000
-2193669812756058112.000000
2460729659390799872.000000
4489718504797671424.000000
-1108125783635196416.000000
7199395158020235264.000000
2963069182058997760.000000
845207021640507904.000000
1407383662285301760.000000
13213252446633136128.000000
-1509799311861581824.000000
2820239750818242048.000000
-13147436467116290048.000000
14976710689813118976.000000
-1841355823724288000.000000
13812736822343159808.000000
872155967955685888.000000
-6482806877191507968.000000
-3299611064546019328.000000
2201172944389244928.000000
2963489131150438400.000000
-2591274687125682176.000000
-1985697961864173568.000000
11818810264771518464.000000
-4928468350528325632.000000
7822304815427117056.000000
-1419133908818157568.000000
-10850949585333958656.000000
3551802586345543680.000000
8435509283329679360.000000
6994285290814472192.000000
1837451444334444544.000000
-6241352953912250368.000000
6863949752875849728.000000
-1885274548702578688.000000
5752707256726280192.000000
-8615544384269303808.000000
3378905555991713792.000000
-8591845491928344576.000000
-3190202541904904192.000000
4738379544624652288.000000
1666199481864448000.000000
-3410464731387469824.000000
6250938075900438528.000000
-10012763402086858752.000000
-10687847532941733888.000000
-4491804680478951424.000000
-5636571024099115008.000000
-9498230225443442688.000000
-691661980783769600.000000
5237821976628434944.000000
2102611348609175552.000000
6247500756008218624.000000
8305247410502232064.000000
-3596717788280381440.000000
-5695588196985710592.000000
4305279474074871808.000000
-7911502655861123072.000000
-6871327194808147968.000000
7374104563072077824.000000
-417048708868276736.000000
-10470558090083684352.000000
-4982622599861235712.000000
-4833258911912914944.000000
10782920996580743168.000000
-765354406931462144.000000
-4393963984061874176.000000
-8822833435027546112.000000
-4164190592856898048.000000
-11078358366643957760.000000
8398816845156052992.000000
5675591907704014848.000000
11069258650550630400.000000
-15593044086911715328.000000
4753591849912733696.000000
-9418249093250738176.000000
-578731121615349760.000000
7983478658273030144.000000
-6285502873018828800.000000
-12721421826207457280.000000
-6379094139607181312.000000
16344282731096924160.000000
