double
2
2
1
10
1712680879504951296.000000
6350582077646612480.000000
6602931244257685504.000000
6405663928679757824.000000
2279347886065231872.000000
-2132781035868827648.000000
-3734827318757705728.000000
-8177202284157255680.000000
-4193751147670757888.000000
-412005967561410560.000000
5758496608311214080.000000
-369355992499640320.000000
-1977771478897434624.000000
6199559041169221632.000000
-2999511391495295488.000000
2733288686145640448.000000
-2430514639735552000.000000
8433024137284718592.000000
-6634357161844193280.000000
6826904809115295744.000000
-486845727188271616.000000
5550823643817551872.000000
377742843816673280.000000
3299744980831092736.000000
4069954058654791680.000000
1512998100729454592.000000
689414377009500160.000000
4770616167672172544.000000
-7269721523402319872.000000
-486986243760502784.000000
-5786146963276044288.000000
4370368997849575424.000000
-5228723025624023040.000000
-6729036998070968320.000000
-3244025889925666816.000000
-6462358127649136640.000000
-5122266333468012544.000000
-2093908768760831488.000000
7426630970081114112.000000
-923259730526484480.000000
1225835152316679680.000000
11901405721464164352.000000
6980674088074358784.000000
9705408909510850560.000000
6349301944720023552.000000
-619782935139373056.000000
-3045412941748205568.000000
-3406586116485083136.000000
-11463472671073077248.000000
-898992211321913344.000000
-27650354964830208.000000
4001013005349935104.000000
-7206494504521457664.000000
-529477956901746688.000000
-6243537281420961792.000000
-3729069441503496192.000000
-7552780973203564544.000000
6339115368523886592.000000
792273808236920832.000000
5903645078588811264.000000
