double
1
2
1
10
1712680879504951296.000000
6350582077646612480.000000
6602931244257685504.000000
6405663928679757824.000000
2279347886065231872.000000
-2132781035868827648.000000
-3734827318757705728.000000
-8177202284157255680.000000
-4193751147670757888.000000
-412005967561410560.000000
5758496608311214080.000000
-369355992499640320.000000
-1977771478897434624.000000
6199559041169221632.000000
-2999511391495295488.000000
2733288686145640448.000000
-2430514639735552000.000000
8433024137284718592.000000
-6634357161844193280.000000
6826904809115295744.000000
7471177487816165376.000000
5981226085146972160.000000
4625159765360250880.000000
12605222969848979456.000000
-720163505430063616.000000
600507650276812800.000000
-6165341958493257728.000000
255821853127462912.000000
-10828108309514950656.000000
6414898841553885184.000000
