float
4
2
1
10
209652480.000000
398764544.000000
924231168.000000
1478610176.000000
441365248.000000
1537364736.000000
192771840.000000
1491434752.000000
-327900160.000000
530702080.000000
626610432.000000
-496576768.000000
-268060928.000000
-869582272.000000
1682652160.000000
-1903903232.000000
1991416320.000000
-976433728.000000
-500614912.000000
-95927552.000000
1252949504.000000
1340754432.000000
124102656.000000
-85997504.000000
292249088.000000
-460485696.000000
1827923712.000000
1443447296.000000
-1842386176.000000
-698378176.000000
-1773266176.000000
636393472.000000
-2060646400.000000
-565898240.000000
1428591360.000000
1963466496.000000
1194674176.000000
-1544681728.000000
1589190144.000000
1589512704.000000
2055650048.000000
-113352640.000000
1284876288.000000
1292401920.000000
-165444864.000000
87950080.000000
1204863744.000000
768281856.000000
-1639498752.000000
947610112.000000
600956160.000000
352272384.000000
-1531785984.000000
160516864.000000
1909838336.000000
1110745600.000000
93837824.000000
-1692613888.000000
-366524160.000000
-113385408.000000
-1011226048.000000
-1347192320.000000
1177824768.000000
1017555712.000000
-188332992.000000
-1217406976.000000
293921536.000000
-1566726144.000000
-2066782208.000000
-755308608.000000
505240576.000000
-1504634880.000000
481447424.000000
-1192620544.000000
502227712.000000
-487526144.000000
1905883392.000000
1729147392.000000
780912128.000000
-214963200.000000
430972136765521920.000000
-45201013212184576.000000
1187522723216097280.000000
1910958630778175488.000000
-73021616627384320.000000
135211351504060416.000000
232263808368771072.000000
1145842230271934464.000000
537591916749914112.000000
502898648401575936.000000
376565415205142528.000000
-174930289934467072.000000
410611964557918208.000000
-139582623189041152.000000
3213593486913699840.000000
-2114752148913782784.000000
186870178758262784.000000
1652725268294402048.000000
183487462515933184.000000
10876784560046080.000000
-1267015214881046528.000000
-1806254062610415616.000000
146171188920451072.000000
-87507252826603520.000000
-55040143337193472.000000
560598510366359552.000000
537266152070447104.000000
-2261486648564908032.000000
3807811077127798784.000000
527491047022919680.000000
-895926054776995840.000000
-957539800179539968.000000
-992092915155075072.000000
674901883764080640.000000
717478203806973952.000000
-957241282772598784.000000
2276909635606675456.000000
-2670982299582988288.000000
1241017812198096896.000000
-341686741708570624.000000
