double
2
2
1
10
1712680879504951296.000000
6350582077646612480.000000
6602931244257685504.000000
6405663928679757824.000000
2279347886065231872.000000
-2132781035868827648.000000
-3734827318757705728.000000
-8177202284157255680.000000
-4193751147670757888.000000
-412005967561410560.000000
5758496608311214080.000000
-369355992499640320.000000
-1977771478897434624.000000
6199559041169221632.000000
-2999511391495295488.000000
2733288686145640448.000000
-2430514639735552000.000000
8433024137284718592.000000
-6634357161844193280.000000
6826904809115295744.000000
-486845727188271616.000000
5550823643817551872.000000
377742843816673280.000000
3299744980831092736.000000
4069954058654791680.000000
1512998100729454592.000000
689414377009500160.000000
4770616167672172544.000000
-7269721523402319872.000000
-486986243760502784.000000
-5786146963276044288.000000
4370368997849575424.000000
-5228723025624023040.000000
-6729036998070968320.000000
-3244025889925666816.000000
-6462358127649136640.000000
-5122266333468012544.000000
-2093908768760831488.000000
7426630970081114112.000000
-923259730526484480.000000
2199526606693222912.000000
799758433829060608.000000
6225188400441012224.000000
3105918947848665088.000000
-1790606172589559808.000000
-3645779136598282240.000000
-4424241695767205888.000000
-12947818451829428224.000000
3075970375731561984.000000
74980276199092224.000000
11544643571587258368.000000
-4739724990349215744.000000
3250951546726588416.000000
12928596039240189952.000000
244514498430371328.000000
9195646813794777088.000000
2691751693732460544.000000
10526932906045550592.000000
-14060988131925307392.000000
7750164539641780224.000000
