double
16
2
1
10
1712680879504951296.000000
6350582077646612480.000000
6602931244257685504.000000
6405663928679757824.000000
2279347886065231872.000000
-2132781035868827648.000000
-3734827318757705728.000000
-8177202284157255680.000000
-4193751147670757888.000000
-412005967561410560.000000
5758496608311214080.000000
-369355992499640320.000000
-1977771478897434624.000000
6199559041169221632.000000
-2999511391495295488.000000
2733288686145640448.000000
-2430514639735552000.000000
8433024137284718592.000000
-6634357161844193280.000000
6826904809115295744.000000
-486845727188271616.000000
5550823643817551872.000000
377742843816673280.000000
3299744980831092736.000000
4069954058654791680.000000
1512998100729454592.000000
689414377009500160.000000
4770616167672172544.000000
-7269721523402319872.000000
-486986243760502784.000000
-5786146963276044288.000000
4370368997849575424.000000
-5228723025624023040.000000
-6729036998070968320.000000
-3244025889925666816.000000
-6462358127649136640.000000
-5122266333468012544.000000
-2093908768760831488.000000
7426630970081114112.000000
-923259730526484480.000000
2085652746300078080.000000
7422021252520431616.000000
-7391972797450815488.000000
8666447652225478656.000000
2824934984265054208.000000
-6070646638896025600.000000
-2616630612829954048.000000
4624343047084265472.000000
1989124713342822400.000000
-3227309016734750720.000000
-8514548043671377920.000000
2476919096164757504.000000
8466119717122609152.000000
2818483910896228352.000000
2491396540874682368.000000
9136664327242881024.000000
1509872133393750016.000000
-1579620740530456576.000000
-466748645402729984.000000
2278359316967895040.000000
-2988232021019312640.000000
3223611365461690368.000000
-3372032628620969984.000000
5134567866055522304.000000
8293122129005852672.000000
2998091541620508672.000000
-8973019429026881536.000000
2266110443269103616.000000
3203454773533839360.000000
8705848612906199040.000000
6976438128957014016.000000
177538324938459136.000000
-8195617351210827776.000000
-900953478902896640.000000
-8854664557495296000.000000
-1075243713765558272.000000
8846813679495546880.000000
-2592791908341960192.000000
-352452045899311104.000000
3480184620042219520.000000
7018541428538562560.000000
7715082732342943744.000000
-5223709636537092096.000000
1202522323945904128.000000
6734953560914315264.000000
165448128566169600.000000
7687181731903019008.000000
7768986683655880704.000000
-7690217264037939200.000000
-4100368757687951872.000000
-9050771352993284096.000000
6315096722634401792.000000
2714883669142372352.000000
6297462428940711936.000000
-4339962445891730944.000000
-1884874443199242240.000000
974384402440501248.000000
-6180757572956078080.000000
-2401616734789998592.000000
-6521998308146956288.000000
1284232891278385152.000000
3758289478299369472.000000
-3901921113164894720.000000
-1230618008614732288.000000
4724334593533954048.000000
-1916648467833352704.000000
7305618813306802176.000000
2562641614560237568.000000
7222904377325641728.000000
3321439076131231744.000000
-937136435860418560.000000
8828075358079041536.000000
-7079825139989147648.000000
4925717905081159680.000000
-1626631272596697600.000000
3236279759277221888.000000
-4615444076667340800.000000
-3445513622387798528.000000
8585413876420012032.000000
1631892755737853952.000000
2945362375687684096.000000
612547228591376384.000000
-4970788354493650944.000000
-1939319259140420096.000000
2191631120439820288.000000
-463612395257032192.000000
-550963876436781056.000000
3985871622127222784.000000
-3910875690802535936.000000
-2149742490314176512.000000
4596372199223738368.000000
6981210715738851328.000000
-7325877960463978496.000000
-7519374590160914432.000000
-2692363825450502144.000000
955841198986326016.000000
-8603098535446513664.000000
8650817680371623936.000000
-3302018030284816896.000000
-5141795954265853952.000000
-6617512969615699968.000000
-7429243060479293440.000000
8929003239481071616.000000
-4420929551860426752.000000
682944904978151424.000000
-960592543946240512.000000
-7386646611072878592.000000
-2724368996821157888.000000
-567252657180737024.000000
6292924672651849728.000000
7464433379023405056.000000
-8530523680055394304.000000
153392983853047808.000000
-6145578571313885184.000000
5147582716412340224.000000
6731831060769214464.000000
-1634441945530207744.000000
-6641333615559927808.000000
-8610527176024053760.000000
8901936723373912064.000000
-2337373052627931136.000000
-1474349235819552768.000000
-8290186063941951488.000000
-2481159022144963072.000000
-8916640135697938432.000000
-4966927110605770752.000000
4886758294166679552.000000
8192632925912008704.000000
4611672144523339776.000000
-2962476704113627648.000000
-192787988619286528.000000
-2970200348600756224.000000
-5912360998522390528.000000
-6069226119918397440.000000
-674210485109800448.000000
6909651568955695104.000000
8192563386033698816.000000
1996912947675709440.000000
1782977666468839424.000000
5232312851580229632.000000
485035659061248.000000
-8294208451570485248.000000
3672711285583462400.000000
9083110294458632192.000000
-4293248467550558208.000000
3303638801761230848.000000
6719806542568175616.000000
4627259628210903040.000000
8568323835825833984.000000
1000596337560625152.000000
-5305458801368772608.000000
-5120018821759348736.000000
-5188158430767327232.000000
1283405140556144640.000000
-883432313859132928.000000
8674335782419216384.000000
3330461768512690176.000000
-7649946539655331840.000000
-8182637457182097408.000000
-224354723011629568.000000
7028293585549252608.000000
8788109866406481920.000000
2170405525008963584.000000
783964062097244160.000000
6541466012046415872.000000
4497953399227500544.000000
-394828085676167168.000000
3266578520413140992.000000
1974632846095892480.000000
3960459376934535168.000000
-562677570931859968.000000
-811386984197615616.000000
7497090474302210048.000000
-6692102050162337792.000000
-4995021848190558208.000000
7039008293920249856.000000
7460324053831428096.000000
2689251202321526784.000000
-3234028333190876672.000000
363607322053810176.000000
-9222351000167974912.000000
-3470566358647437312.000000
-1375176410208479232.000000
7108225278363357184.000000
3318190269379500032.000000
-809262857716094976.000000
-306056982853370368.000000
5326302211572727808.000000
-4990917332944101376.000000
7015252584874729472.000000
-3436768662357127168.000000
8438478867644784640.000000
-521091449036943872.000000
3903032606724315136.000000
-6388212554201776128.000000
4250907929868775424.000000
2698102601597687808.000000
-5259522081452924928.000000
-5783824996525494272.000000
5673854432798277632.000000
4557811769147762688.000000
3225364227545272320.000000
-4115583852901895680.000000
-5996872834074331136.000000
3771884378855317504.000000
-679758893074338304.000000
6279798069617717248.000000
-5444265762977255424.000000
-6180417952176357376.000000
-6920608508506193920.000000
4096665114123005952.000000
-8661613967178717184.000000
4556239492866660352.000000
-7515274393402447872.000000
-5212118413847416832.000000
4597932433992265728.000000
4273995466986520576.000000
-8381930517345323008.000000
-5365105865940436992.000000
-3930723621021274112.000000
3269930853142558720.000000
-8060520786472148992.000000
1026547237363431424.000000
-9052922824041848832.000000
6143468502352111616.000000
8934301117500606464.000000
3753816226961258496.000000
-5872867668769441792.000000
228619086511169536.000000
1483987631796787200.000000
5304216518051831808.000000
1964125605203191808.000000
-5194550591286568960.000000
-826989351645120512.000000
6988913111672606720.000000
-142625796714491904.000000
3976401415261003776.000000
-255311080482894336.000000
3847034331795359744.000000
-34306726126594048.000000
6355827107075153920.000000
-5638390847309062144.000000
5041975047593207808.000000
8748528273801314304.000000
6683435800918771712.000000
5172958628842082304.000000
8947266349006661632.000000
4677533602910992384.000000
-9148697667430971392.000000
-4252353838923352064.000000
-1651128556784480256.000000
-1324036694763380224.000000
-3729160172183597056.000000
-1823786393175203840.000000
-6997643299525373952.000000
8867343854847449088.000000
-1731771340638365696.000000
1276713117299546112.000000
-2884969321416540160.000000
5328762135817830400.000000
-1634890369754463744.000000
-2595984148566378496.000000
-1853917757099671552.000000
-3655575144928964608.000000
5076908889040025600.000000
7862240891081306112.000000
-3222456018215980544.000000
8353989369822799872.000000
-8966069502336790528.000000
617332764947834880.000000
-3604825271527225344.000000
7062520406856321024.000000
-4600198866059685888.000000
3272670521936852992.000000
5726313838027689984.000000
-1251647597503815168.000000
4651060927488620544.000000
6080088210647529472.000000
-2231433036416871936.000000
-7442346007723012096.000000
-624692173122979840.000000
4876232841827059712.000000
-1687254819684265984.000000
3924504906534794752.000000
-6637292249632706560.000000
-7099708146474598400.000000
1151930975408973824.000000
15430641754753024.000000
417920996852581888.000000
-3374482671675038208.000000
5565708619691927552.000000
-3339556341100396544.000000
-7890132477419825152.000000
130332921250824192.000000
-3673721876605095936.000000
9642940255101335552.000000
5762048746298146816.000000
10429937084960428032.000000
-4851379495375353856.000000
12059217660695525376.000000
-486360691529210368.000000
-2743384807752933376.000000
4050454129400135680.000000
12382855275289724928.000000
-223294408895766528.000000
4816636902490685440.000000
7409220919577675776.000000
9397875795883075584.000000
1298602312423514112.000000
513610093800122368.000000
-11091605764644816896.000000
-749649823909773312.000000
-10416881456391350272.000000
-5445631857514823680.000000
-4127458203784799744.000000
2211977654770079744.000000
-1791804564955322368.000000
-9743855308416163840.000000
-756006487100983296.000000
-1147614453538114048.000000
9113946331849330688.000000
16210131118926913536.000000
-5221567272441851904.000000
9450411714322722816.000000
9366400996311470080.000000
-1572693239668525056.000000
-3011458698506121216.000000
7890921567497406464.000000
3963757559438714880.000000
733150360199784448.000000
-9077225614603237376.000000
1665532111967141888.000000
15963210191424819200.000000
-3873618139266109440.000000
-2503625307315875840.000000
16175672621163130880.000000
8970196187225178112.000000
1109630461791070208.000000
-3700776978593606656.000000
2641966639021705216.000000
-12210583021187287040.000000
-246954993185746944.000000
-4747209038829449216.000000
12242793144418879488.000000
11611312398385352704.000000
2188828683904413696.000000
-9279076411880251392.000000
7592412654841831424.000000
-1787462559410262016.000000
15721101197780928512.000000
3539669466599886848.000000
8616017192583243776.000000
-8716708800247771136.000000
3002079127821418496.000000
-15242877111697072128.000000
3175664216103217152.000000
11544916281093234688.000000
-7852313989794885632.000000
-6136277042424805376.000000
9154039052840497152.000000
11576353197686325248.000000
10940446959888216064.000000
-9339293489438988288.000000
-4794350510128427008.000000
10506837939769632768.000000
-514310764508168704.000000
13966979801520736256.000000
2324720920678625280.000000
-13870635216214296576.000000
-11020977266194145280.000000
-4954106238870278144.000000
-2346517244544315392.000000
7271123162009032704.000000
-1217811964461735936.000000
-9552080859739148288.000000
2713057990793023488.000000
5248379869427021824.000000
-14562688090301401088.000000
-7766722600730435584.000000
-10452721929168230400.000000
4554163744420943872.000000
-4302231308172779520.000000
-2875373875801463296.000000
-10283540832656580608.000000
10867803095886065664.000000
7017652649667254272.000000
11059435040268060672.000000
-3310226054209204224.000000
7451523463836811264.000000
4805426707928018944.000000
4367080082191413248.000000
10792200963282233344.000000
-12274375731275716608.000000
4098728553436039168.000000
5362281839075909632.000000
3093653962562729984.000000
-639042661406337024.000000
-3700824702870692864.000000
12432448208215371776.000000
1597586029611259904.000000
9301189482762838016.000000
-5025843618717685760.000000
71186693099556864.000000
6809209014660894720.000000
8875066921358592000.000000
4709346233585049600.000000
8396302472569880576.000000
8663405225038215168.000000
-13059573358233507840.000000
-6402096329237528576.000000
2945243642439258112.000000
5657174020975470592.000000
-11055038132647575552.000000
-9343160983336118272.000000
-9690007124975876096.000000
9823185053833775104.000000
-10334869876084879360.000000
9927530797671170048.000000
-6186987351701356544.000000
186966181551976448.000000
-8252403339370164224.000000
-10025227209045671936.000000
7075085482381400064.000000
-8076504696789391360.000000
5759853794018177024.000000
6901648347135066112.000000
-10609102629288859648.000000
5629620373001641984.000000
-9533322159517528064.000000
6910257437599684608.000000
3859608107496179712.000000
-1468003273199073280.000000
-4446805882206638080.000000
-2872908049377032192.000000
10873896554440030208.000000
5480183463265398784.000000
3016618981958412800.000000
-561245404912398336.000000
-10841960212440926208.000000
1459590715650899968.000000
