double
1
2
1
10
1712680879504951296.000000
6350582077646612480.000000
6602931244257685504.000000
6405663928679757824.000000
2279347886065231872.000000
-2132781035868827648.000000
-3734827318757705728.000000
-8177202284157255680.000000
-4193751147670757888.000000
-412005967561410560.000000
5758496608311214080.000000
-369355992499640320.000000
-1977771478897434624.000000
6199559041169221632.000000
-2999511391495295488.000000
2733288686145640448.000000
-2430514639735552000.000000
8433024137284718592.000000
-6634357161844193280.000000
6826904809115295744.000000
9862467035748729014621133364260765696.000000
-2345625546239592293290041882653491200.000000
-13059089092013601704654245604605558784.000000
39712291723738149644223049472426377216.000000
-6836929949433384195942877992841117696.000000
-5829506275366245673999089352405155840.000000
9077552475124882394527744685928087552.000000
-68958544237757867072294954800674504704.000000
27822842961541798917811434748572073984.000000
-2812725521329194466646716724694482944.000000
