float
1
2
1
10
209652480.000000
398764544.000000
924231168.000000
1478610176.000000
441365248.000000
1537364736.000000
192771840.000000
1491434752.000000
-327900160.000000
530702080.000000
626610432.000000
-496576768.000000
-268060928.000000
-869582272.000000
1682652160.000000
-1903903232.000000
1991416320.000000
-976433728.000000
-500614912.000000
-95927552.000000
836262912.000000
-97812224.000000
656170240.000000
609027904.000000
2124017408.000000
-366538496.000000
2184188160.000000
515001024.000000
-828515072.000000
434774528.000000
