float
2
2
1
10
209652480.000000
398764544.000000
924231168.000000
1478610176.000000
441365248.000000
1537364736.000000
192771840.000000
1491434752.000000
-327900160.000000
530702080.000000
626610432.000000
-496576768.000000
-268060928.000000
-869582272.000000
1682652160.000000
-1903903232.000000
1991416320.000000
-976433728.000000
-500614912.000000
-95927552.000000
1252949504.000000
1340754432.000000
124102656.000000
-85997504.000000
292249088.000000
-460485696.000000
1827923712.000000
1443447296.000000
-1842386176.000000
-698378176.000000
-1773266176.000000
636393472.000000
-2060646400.000000
-565898240.000000
1428591360.000000
1963466496.000000
1194674176.000000
-1544681728.000000
1589190144.000000
1589512704.000000
262683979394580480.000000
534645328666689536.000000
114699541181104128.000000
-127156784585506816.000000
128988588137250816.000000
-707934442877878272.000000
352372208024158208.000000
2152807483301691392.000000
604118692422221824.000000
-370630766834483200.000000
-1111147072137986048.000000
-316018230441279488.000000
552378801955274752.000000
492095087665217536.000000
2403822414510161920.000000
-3738250199118643200.000000
2379093573367758848.000000
1508279402096492544.000000
-795572254120345600.000000
-152478056336850944.000000
