double
8
2
1
10
1712680879504951296.000000
6350582077646612480.000000
6602931244257685504.000000
6405663928679757824.000000
2279347886065231872.000000
-2132781035868827648.000000
-3734827318757705728.000000
-8177202284157255680.000000
-4193751147670757888.000000
-412005967561410560.000000
5758496608311214080.000000
-369355992499640320.000000
-1977771478897434624.000000
6199559041169221632.000000
-2999511391495295488.000000
2733288686145640448.000000
-2430514639735552000.000000
8433024137284718592.000000
-6634357161844193280.000000
6826904809115295744.000000
-486845727188271616.000000
5550823643817551872.000000
377742843816673280.000000
3299744980831092736.000000
4069954058654791680.000000
1512998100729454592.000000
689414377009500160.000000
4770616167672172544.000000
-7269721523402319872.000000
-486986243760502784.000000
-5786146963276044288.000000
4370368997849575424.000000
-5228723025624023040.000000
-6729036998070968320.000000
-3244025889925666816.000000
-6462358127649136640.000000
-5122266333468012544.000000
-2093908768760831488.000000
7426630970081114112.000000
-923259730526484480.000000
2085652746300078080.000000
7422021252520431616.000000
-7391972797450815488.000000
8666447652225478656.000000
2824934984265054208.000000
-6070646638896025600.000000
-2616630612829954048.000000
4624343047084265472.000000
1989124713342822400.000000
-3227309016734750720.000000
-8514548043671377920.000000
2476919096164757504.000000
8466119717122609152.000000
2818483910896228352.000000
2491396540874682368.000000
9136664327242881024.000000
1509872133393750016.000000
-1579620740530456576.000000
-466748645402729984.000000
2278359316967895040.000000
-2988232021019312640.000000
3223611365461690368.000000
-3372032628620969984.000000
5134567866055522304.000000
8293122129005852672.000000
2998091541620508672.000000
-8973019429026881536.000000
2266110443269103616.000000
3203454773533839360.000000
8705848612906199040.000000
6976438128957014016.000000
177538324938459136.000000
-8195617351210827776.000000
-900953478902896640.000000
-8854664557495296000.000000
-1075243713765558272.000000
8846813679495546880.000000
-2592791908341960192.000000
-352452045899311104.000000
3480184620042219520.000000
7018541428538562560.000000
7715082732342943744.000000
-5223709636537092096.000000
1202522323945904128.000000
6734953560914315264.000000
165448128566169600.000000
7687181731903019008.000000
7768986683655880704.000000
-7690217264037939200.000000
-4100368757687951872.000000
-9050771352993284096.000000
6315096722634401792.000000
2714883669142372352.000000
6297462428940711936.000000
-4339962445891730944.000000
-1884874443199242240.000000
974384402440501248.000000
-6180757572956078080.000000
-2401616734789998592.000000
-6521998308146956288.000000
1284232891278385152.000000
3758289478299369472.000000
-3901921113164894720.000000
-1230618008614732288.000000
4724334593533954048.000000
-1916648467833352704.000000
7305618813306802176.000000
2562641614560237568.000000
7222904377325641728.000000
3321439076131231744.000000
-937136435860418560.000000
8828075358079041536.000000
-7079825139989147648.000000
4925717905081159680.000000
-1626631272596697600.000000
3236279759277221888.000000
-4615444076667340800.000000
-3445513622387798528.000000
8585413876420012032.000000
1631892755737853952.000000
2945362375687684096.000000
612547228591376384.000000
-4970788354493650944.000000
-1939319259140420096.000000
2191631120439820288.000000
-463612395257032192.000000
-550963876436781056.000000
3985871622127222784.000000
-3910875690802535936.000000
-2149742490314176512.000000
4596372199223738368.000000
6981210715738851328.000000
-7325877960463978496.000000
-7519374590160914432.000000
-2692363825450502144.000000
955841198986326016.000000
-8603098535446513664.000000
8650817680371623936.000000
-3302018030284816896.000000
-5141795954265853952.000000
-6617512969615699968.000000
-7429243060479293440.000000
8929003239481071616.000000
-4420929551860426752.000000
682944904978151424.000000
-960592543946240512.000000
-7386646611072878592.000000
-2724368996821157888.000000
-567252657180737024.000000
6292924672651849728.000000
7464433379023405056.000000
-8530523680055394304.000000
153392983853047808.000000
-6145578571313885184.000000
5147582716412340224.000000
6731831060769214464.000000
-1634441945530207744.000000
-6641333615559927808.000000
-8610527176024053760.000000
8901936723373912064.000000
12020521706671361927808626312729329664.000000
48995266127577952656680107022070317056.000000
-34491795570020721627807550355829424128.000000
7702953873932433017899283614485446656.000000
15351302161817550474939819201258323968.000000
-352864631025914175195467943786840064.000000
-28710296336566570304683914301722853376.000000
-63528575655178170620039190698147184640.000000
32250857476896581696226575912429158400.000000
1689376397369803561295045853678927872.000000
-52118836138812128518129219173114445824.000000
-2332518817719855380986258201683951616.000000
-5369419489354203129075175261737058304.000000
39041490137762879511975265351770308608.000000
13017766795114031721472283897908690944.000000
-5151905990401552302065014482757746688.000000
-2368255554861616037467138573805289472.000000
-52122477799443922011359846898782437376.000000
15933183184458894624029788355558375424.000000
-44525061614930279369977421837409189888.000000
-625223295833521976773969873320542208.000000
20861602096454873216830251845380210688.000000
-1473922777635226906807484655352152064.000000
-4060725597246817134442254474267328512.000000
19227824753396752636193408109938475008.000000
-2899885491597881889979599052391579648.000000
5036598642844792739063922466138095616.000000
12225379518370590421956081984156467200.000000
-52508503413321047331140341448503721984.000000
-1617495139564503194664260459349147648.000000
5422409142529096352243402083313647616.000000
38581946855628431455450446288927064064.000000
37018444726853078306739474525296001024.000000
-33145338025351745026771536273767137280.000000
5276833961666421854474793441013268480.000000
-20913998805711545730975045633947205632.000000
23641533807917474001812796979260948480.000000
7214591186802707705012967096820170752.000000
63760700585585009389076270595111387136.000000
-1506660865910653155429086893390692352.000000
6143003127701940762556466221799178240.000000
4546338548777686525488186308228546560.000000
36743932298302367638408074161519853568.000000
-16807008840293148541705023657779134464.000000
6191215424734466460187170115032186880.000000
2814427029017638380290493033572466688.000000
1441668945647941364313255584477478912.000000
18432037722354505482400247729484726272.000000
-7779219487387006973969080064143261696.000000
6937883322648759870062008873766617088.000000
-39136031916885988395616920151990992896.000000
17291894136163595367253241082933149696.000000
-62021759846318050532061830315822284800.000000
-21193236302370458822721698588335800320.000000
-6707745921503507865057698381295517696.000000
8733200185287429240612372373372403712.000000
-12989578739511273960146924291191996416.000000
-13665011030462590803544028029908942848.000000
1541212442730828808288649319960018944.000000
-11714858718349438012812320923965194240.000000
19774664155316237303743130190498234368.000000
-23948992366538444839082045971051315200.000000
-30108890264592514128902248337917345792.000000
-22699562815077786436355743907095511040.000000
5663745504366106549858929948080734208.000000
-2879944380948950463230058692842881024.000000
66280523556512509997976421021125705728.000000
-6173721035014997648589047349381169152.000000
-1817168232445386510266352052132118528.000000
54785249532529303689452756665813172224.000000
52075157636478324326630022296612372480.000000
-1514494885004894841742224635419688960.000000
-1257150200020040988883864660742242304.000000
5536880393696338046343165748539555840.000000
-45580118235791704661830515445068726272.000000
-7238359030223827697597017534740037632.000000
-14459603362057957778866900839283294208.000000
17219596059023235236174161956321624064.000000
3034797919461295594771182908845588480.000000
30980383273274920236531957341215522816.000000
