double
8
2
1
10
1712680879504951296.000000
6350582077646612480.000000
6602931244257685504.000000
6405663928679757824.000000
2279347886065231872.000000
-2132781035868827648.000000
-3734827318757705728.000000
-8177202284157255680.000000
-4193751147670757888.000000
-412005967561410560.000000
5758496608311214080.000000
-369355992499640320.000000
-1977771478897434624.000000
6199559041169221632.000000
-2999511391495295488.000000
2733288686145640448.000000
-2430514639735552000.000000
8433024137284718592.000000
-6634357161844193280.000000
6826904809115295744.000000
-486845727188271616.000000
5550823643817551872.000000
377742843816673280.000000
3299744980831092736.000000
4069954058654791680.000000
1512998100729454592.000000
689414377009500160.000000
4770616167672172544.000000
-7269721523402319872.000000
-486986243760502784.000000
-5786146963276044288.000000
4370368997849575424.000000
-5228723025624023040.000000
-6729036998070968320.000000
-3244025889925666816.000000
-6462358127649136640.000000
-5122266333468012544.000000
-2093908768760831488.000000
7426630970081114112.000000
-923259730526484480.000000
2085652746300078080.000000
7422021252520431616.000000
-7391972797450815488.000000
8666447652225478656.000000
2824934984265054208.000000
-6070646638896025600.000000
-2616630612829954048.000000
4624343047084265472.000000
1989124713342822400.000000
-3227309016734750720.000000
-8514548043671377920.000000
2476919096164757504.000000
8466119717122609152.000000
2818483910896228352.000000
2491396540874682368.000000
9136664327242881024.000000
1509872133393750016.000000
-1579620740530456576.000000
-466748645402729984.000000
2278359316967895040.000000
-2988232021019312640.000000
3223611365461690368.000000
-3372032628620969984.000000
5134567866055522304.000000
8293122129005852672.000000
2998091541620508672.000000
-8973019429026881536.000000
2266110443269103616.000000
3203454773533839360.000000
8705848612906199040.000000
6976438128957014016.000000
177538324938459136.000000
-8195617351210827776.000000
-900953478902896640.000000
-8854664557495296000.000000
-1075243713765558272.000000
8846813679495546880.000000
-2592791908341960192.000000
-352452045899311104.000000
3480184620042219520.000000
7018541428538562560.000000
7715082732342943744.000000
-5223709636537092096.000000
1202522323945904128.000000
6734953560914315264.000000
165448128566169600.000000
7687181731903019008.000000
7768986683655880704.000000
-7690217264037939200.000000
-4100368757687951872.000000
-9050771352993284096.000000
6315096722634401792.000000
2714883669142372352.000000
6297462428940711936.000000
-4339962445891730944.000000
-1884874443199242240.000000
974384402440501248.000000
-6180757572956078080.000000
-2401616734789998592.000000
-6521998308146956288.000000
1284232891278385152.000000
3758289478299369472.000000
-3901921113164894720.000000
-1230618008614732288.000000
4724334593533954048.000000
-1916648467833352704.000000
7305618813306802176.000000
2562641614560237568.000000
7222904377325641728.000000
3321439076131231744.000000
-937136435860418560.000000
8828075358079041536.000000
-7079825139989147648.000000
4925717905081159680.000000
-1626631272596697600.000000
3236279759277221888.000000
-4615444076667340800.000000
-3445513622387798528.000000
8585413876420012032.000000
1631892755737853952.000000
2945362375687684096.000000
612547228591376384.000000
-4970788354493650944.000000
-1939319259140420096.000000
2191631120439820288.000000
-463612395257032192.000000
-550963876436781056.000000
3985871622127222784.000000
-3910875690802535936.000000
-2149742490314176512.000000
4596372199223738368.000000
6981210715738851328.000000
-7325877960463978496.000000
-7519374590160914432.000000
-2692363825450502144.000000
955841198986326016.000000
-8603098535446513664.000000
8650817680371623936.000000
-3302018030284816896.000000
-5141795954265853952.000000
-6617512969615699968.000000
-7429243060479293440.000000
8929003239481071616.000000
-4420929551860426752.000000
682944904978151424.000000
-960592543946240512.000000
-7386646611072878592.000000
-2724368996821157888.000000
-567252657180737024.000000
6292924672651849728.000000
7464433379023405056.000000
-8530523680055394304.000000
153392983853047808.000000
-6145578571313885184.000000
5147582716412340224.000000
6731831060769214464.000000
-1634441945530207744.000000
-6641333615559927808.000000
-8610527176024053760.000000
8901936723373912064.000000
-5305860549033611264.000000
-1364500654696331264.000000
11826640880794777600.000000
5203141604733853696.000000
-4455605674849083392.000000
-2298229164434997248.000000
-11422009050660724736.000000
-15946188967813136384.000000
3496466116367181312.000000
3688362790126541312.000000
14809267961304498176.000000
-6684452715134042112.000000
-4692655148039806976.000000
-97903387771490304.000000
1340451054396435456.000000
4618163129344882688.000000
-3404899042176053248.000000
14613781710240796672.000000
-4232740427054194688.000000
13348903117262252032.000000
-1771078618466656768.000000
1792534165518182400.000000
4279663956981568000.000000
4530362989445825024.000000
-654380534879162368.000000
3429646568562807296.000000
-6616204436297302016.000000
2207974553111934976.000000
-14492625900727961600.000000
-3808425319891734528.000000
-4849010527415625728.000000
-4457706360229466112.000000
1851102114365124608.000000
-11654754903152128000.000000
-1617394617328969216.000000
-9698637886926358528.000000
-506822256800671744.000000
1351604853626967040.000000
-1158782906338897920.000000
-2555152486264338432.000000
-859709629387606016.000000
6809474023929055232.000000
-2421184442957164544.000000
10605766911365898240.000000
633303863825233920.000000
-5607034243638992896.000000
-2065666736393172992.000000
638471424957042688.000000
5900000404145358848.000000
-1077566526420574208.000000
-13110920242895116288.000000
-4504291619574093824.000000
15791997677586587648.000000
10337858501057142784.000000
5183760366325184512.000000
8180823128256555008.000000
10112970668840263680.000000
-10230438420902080512.000000
2835269384882086912.000000
7420155271233748992.000000
3629280948596387328.000000
10652854425940983808.000000
-12301035868102041600.000000
9555497417915949056.000000
7610177224027701248.000000
3958684085566749184.000000
-1586372817954002944.000000
4990479440090261504.000000
3770707430714576384.000000
2412923940254349312.000000
-487995250066391040.000000
8708062004993853440.000000
-8349010335063875584.000000
5244625092410988544.000000
-14002247273907636224.000000
-7807074774534772736.000000
10481255625025755136.000000
4048541707217967616.000000
8258075130124742656.000000
-5421752103331692544.000000
