float
16
2
1
10
209652480.000000
398764544.000000
924231168.000000
1478610176.000000
441365248.000000
1537364736.000000
192771840.000000
1491434752.000000
-327900160.000000
530702080.000000
626610432.000000
-496576768.000000
-268060928.000000
-869582272.000000
1682652160.000000
-1903903232.000000
1991416320.000000
-976433728.000000
-500614912.000000
-95927552.000000
1252949504.000000
1340754432.000000
124102656.000000
-85997504.000000
292249088.000000
-460485696.000000
1827923712.000000
1443447296.000000
-1842386176.000000
-698378176.000000
-1773266176.000000
636393472.000000
-2060646400.000000
-565898240.000000
1428591360.000000
1963466496.000000
1194674176.000000
-1544681728.000000
1589190144.000000
1589512704.000000
2055650048.000000
-113352640.000000
1284876288.000000
1292401920.000000
-165444864.000000
87950080.000000
1204863744.000000
768281856.000000
-1639498752.000000
947610112.000000
600956160.000000
352272384.000000
-1531785984.000000
160516864.000000
1909838336.000000
1110745600.000000
93837824.000000
-1692613888.000000
-366524160.000000
-113385408.000000
-1011226048.000000
-1347192320.000000
1177824768.000000
1017555712.000000
-188332992.000000
-1217406976.000000
293921536.000000
-1566726144.000000
-2066782208.000000
-755308608.000000
505240576.000000
-1504634880.000000
481447424.000000
-1192620544.000000
502227712.000000
-487526144.000000
1905883392.000000
1729147392.000000
780912128.000000
-214963200.000000
-603408960.000000
485603840.000000
-270445632.000000
1728073984.000000
848819456.000000
-1721077760.000000
-1888817152.000000
2017814528.000000
716257536.000000
657731328.000000
732883968.000000
-1413432576.000000
-1243897344.000000
-609231808.000000
-1593749504.000000
1076688896.000000
-792729152.000000
463129088.000000
-585357824.000000
-751416384.000000
301492736.000000
-1982447616.000000
-263704512.000000
576702720.000000
2097549568.000000
1971172096.000000
-1709204480.000000
656229376.000000
-1250364928.000000
580073472.000000
-1454664704.000000
2127295488.000000
657595136.000000
351544576.000000
-1059604480.000000
-367784000.000000
-144694208.000000
-108673472.000000
-1097683712.000000
530471936.000000
-1464714496.000000
-695751936.000000
-1673425920.000000
750555392.000000
671430400.000000
-785112576.000000
-1553992448.000000
1195484672.000000
-1303168768.000000
1930893056.000000
-563821056.000000
698047488.000000
1378655488.000000
-2089193984.000000
-1730436864.000000
527619840.000000
1451462400.000000
745862400.000000
-1734744064.000000
2026988288.000000
2046377728.000000
1624328704.000000
-134642112.000000
41336320.000000
2047673344.000000
-1908190976.000000
450308096.000000
-209769536.000000
1027629312.000000
-2061637120.000000
-1979173376.000000
-250349632.000000
-932836928.000000
2059809280.000000
-1631243264.000000
-603681344.000000
-875571200.000000
-82061760.000000
-1637552128.000000
810293504.000000
-781756352.000000
1634131456.000000
-368237632.000000
1796307712.000000
-1871972352.000000
-1216239616.000000
826661376.000000
279984128.000000
286051072.000000
1568103680.000000
-1007644416.000000
38521344.000000
99849728.000000
1789811456.000000
-1744012288.000000
1808858112.000000
326187776.000000
-1790518272.000000
1843813120.000000
-954691520.000000
-779240448.000000
-2107297024.000000
719022080.000000
1470348032.000000
-1581416192.000000
632108032.000000
929118208.000000
1466242304.000000
-904494016.000000
-1010476288.000000
-1360682752.000000
-438856640.000000
371570176.000000
226866432.000000
-2061122304.000000
-1439069696.000000
1412786688.000000
-559169984.000000
-2127316736.000000
-1518521088.000000
763716096.000000
299008768.000000
-987808256.000000
875044864.000000
1010150656.000000
-908486720.000000
1985084672.000000
-286525504.000000
-1079097088.000000
1099969792.000000
327093248.000000
-446254528.000000
395316992.000000
1700972032.000000
310319616.000000
596661504.000000
-1189355264.000000
1681713408.000000
1944542208.000000
773332736.000000
-227094784.000000
-218193984.000000
1487813888.000000
2055446528.000000
856756992.000000
-1648400384.000000
-870001664.000000
1146857984.000000
1347751424.000000
-378729536.000000
-444504512.000000
753505024.000000
1636825856.000000
-1074616832.000000
349064448.000000
-802221120.000000
1639540992.000000
1998947328.000000
826916864.000000
379954688.000000
967459840.000000
685770496.000000
5688064.000000
142619648.000000
1958864384.000000
-1157351936.000000
618433280.000000
-451532864.000000
-327040064.000000
510278912.000000
456955392.000000
-107943168.000000
-2065049600.000000
-128281152.000000
-852229632.000000
928033024.000000
687940096.000000
-910571584.000000
-901609920.000000
-500526016.000000
506872320.000000
1070176256.000000
-305936128.000000
1625439744.000000
-1565626880.000000
-1705688832.000000
-866370816.000000
-1750740736.000000
300496896.000000
-626864704.000000
390295552.000000
222549248.000000
319224576.000000
-2003065088.000000
657992448.000000
2014175488.000000
653278464.000000
-768811008.000000
-294555584.000000
-1197167616.000000
1703154688.000000
-1540759808.000000
-568817408.000000
-1729755392.000000
-275458048.000000
2078945536.000000
1683298048.000000
-1029327872.000000
1315093248.000000
159010560.000000
875694848.000000
-223655424.000000
-1717012480.000000
-1719837696.000000
1801664000.000000
-634316544.000000
920159488.000000
-132073920.000000
2142531584.000000
1465185792.000000
-1505608192.000000
1737948928.000000
1581089280.000000
-1986167296.000000
-1449581824.000000
35714560.000000
496324608.000000
-1430878976.000000
-1615680768.000000
1198514944.000000
1494683904.000000
1567376640.000000
1319924992.000000
-380548160.000000
296785408.000000
-1546306048.000000
-398644736.000000
-2004794624.000000
-1850413568.000000
2072643584.000000
-572103872.000000
2032896000.000000
555993536.000000
3274917888.000000
-1430607104.000000
321125120.000000
1019433216.000000
1771418880.000000
-41849088.000000
2098805760.000000
-381033984.000000
-458055424.000000
-168211200.000000
920229184.000000
-61360128.000000
-95045120.000000
2317604096.000000
-2766951936.000000
1343198208.000000
-1050619072.000000
473709056.000000
-766542592.000000
843124736.000000
1384350464.000000
-1289167104.000000
171622336.000000
2757041920.000000
2909689600.000000
-2746880256.000000
-1708854528.000000
-3133948928.000000
197536832.000000
-1689076224.000000
-339031808.000000
-632530944.000000
524396800.000000
2607460864.000000
-2103851776.000000
-538126592.000000
70991616.000000
2819366144.000000
185656128.000000
297068032.000000
2167446784.000000
844705792.000000
-820536640.000000
3189948416.000000
481756352.000000
-2718595840.000000
2047579904.000000
928049408.000000
-93982144.000000
-1136468992.000000
1861488896.000000
2220157952.000000
1707407104.000000
-1095517440.000000
-10900480.000000
1578018048.000000
659947328.000000
-1238320896.000000
-1565386240.000000
2665638656.000000
3073002240.000000
668424000.000000
-2865807360.000000
-576080128.000000
-419868160.000000
-719030784.000000
-1134038144.000000
60736064.000000
-751129856.000000
2118273280.000000
-2267237376.000000
851292160.000000
-1289747200.000000
3545424384.000000
3728094720.000000
1607828992.000000
164991488.000000
364050880.000000
1171374336.000000
-264757568.000000
1870693632.000000
2807683840.000000
-2878429696.000000
-1270383872.000000
1566281728.000000
389217472.000000
1168010240.000000
1189839360.000000
-1521375744.000000
-3308946944.000000
-737512960.000000
-2445979136.000000
2004721920.000000
-104789056.000000
-447442496.000000
-1486967808.000000
-1251942400.000000
808365056.000000
-912271360.000000
-569640640.000000
2202142464.000000
531922688.000000
265483264.000000
-2575575296.000000
-1094511360.000000
-949868032.000000
-46791232.000000
-1064369152.000000
2349844736.000000
976819712.000000
-1651520512.000000
-401612032.000000
1646391552.000000
508584256.000000
-877484480.000000
-1392239360.000000
-666695680.000000
238440192.000000
-2236511744.000000
-2242243328.000000
-979200000.000000
395972352.000000
1293832960.000000
129305600.000000
166156800.000000
11924480.000000
2089903616.000000
311873792.000000
474392064.000000
-338356992.000000
-3809031680.000000
71227136.000000
-106696704.000000
2371621888.000000
613788480.000000
407787520.000000
3492174080.000000
540769536.000000
3362277632.000000
1446447104.000000
-1944830976.000000
598091520.000000
-1872476416.000000
946632704.000000
-1640648448.000000
-588051456.000000
-863122176.000000
-484489472.000000
1317027072.000000
387088064.000000
1679261184.000000
-1334457856.000000
-2149987328.000000
-1274215936.000000
-2086856448.000000
-3487965696.000000
2882937088.000000
