float
8
2
1
10
209652480.000000
398764544.000000
924231168.000000
1478610176.000000
441365248.000000
1537364736.000000
192771840.000000
1491434752.000000
-327900160.000000
530702080.000000
626610432.000000
-496576768.000000
-268060928.000000
-869582272.000000
1682652160.000000
-1903903232.000000
1991416320.000000
-976433728.000000
-500614912.000000
-95927552.000000
1252949504.000000
1340754432.000000
124102656.000000
-85997504.000000
292249088.000000
-460485696.000000
1827923712.000000
1443447296.000000
-1842386176.000000
-698378176.000000
-1773266176.000000
636393472.000000
-2060646400.000000
-565898240.000000
1428591360.000000
1963466496.000000
1194674176.000000
-1544681728.000000
1589190144.000000
1589512704.000000
2055650048.000000
-113352640.000000
1284876288.000000
1292401920.000000
-165444864.000000
87950080.000000
1204863744.000000
768281856.000000
-1639498752.000000
947610112.000000
600956160.000000
352272384.000000
-1531785984.000000
160516864.000000
1909838336.000000
1110745600.000000
93837824.000000
-1692613888.000000
-366524160.000000
-113385408.000000
-1011226048.000000
-1347192320.000000
1177824768.000000
1017555712.000000
-188332992.000000
-1217406976.000000
293921536.000000
-1566726144.000000
-2066782208.000000
-755308608.000000
505240576.000000
-1504634880.000000
481447424.000000
-1192620544.000000
502227712.000000
-487526144.000000
1905883392.000000
1729147392.000000
780912128.000000
-214963200.000000
-603408960.000000
485603840.000000
-270445632.000000
1728073984.000000
848819456.000000
-1721077760.000000
-1888817152.000000
2017814528.000000
716257536.000000
657731328.000000
732883968.000000
-1413432576.000000
-1243897344.000000
-609231808.000000
-1593749504.000000
1076688896.000000
-792729152.000000
463129088.000000
-585357824.000000
-751416384.000000
301492736.000000
-1982447616.000000
-263704512.000000
576702720.000000
2097549568.000000
1971172096.000000
-1709204480.000000
656229376.000000
-1250364928.000000
580073472.000000
-1454664704.000000
2127295488.000000
657595136.000000
351544576.000000
-1059604480.000000
-367784000.000000
-144694208.000000
-108673472.000000
-1097683712.000000
530471936.000000
-1464714496.000000
-695751936.000000
-1673425920.000000
750555392.000000
671430400.000000
-785112576.000000
-1553992448.000000
1195484672.000000
-1303168768.000000
1930893056.000000
-563821056.000000
698047488.000000
1378655488.000000
-2089193984.000000
-1730436864.000000
527619840.000000
1451462400.000000
745862400.000000
-1734744064.000000
2026988288.000000
2046377728.000000
1624328704.000000
-134642112.000000
41336320.000000
2047673344.000000
-1908190976.000000
450308096.000000
-209769536.000000
1027629312.000000
-2061637120.000000
-1979173376.000000
-250349632.000000
-932836928.000000
2059809280.000000
-1631243264.000000
-603681344.000000
-875571200.000000
-82061760.000000
-1637552128.000000
810293504.000000
-126506182939508736.000000
193641589837398016.000000
-249954280444788736.000000
2555147650085158912.000000
374639414430662656.000000
-2645924154708066304.000000
-364110765960986624.000000
3009438641769414656.000000
-234860957912793088.000000
349059379489669120.000000
459232746695294976.000000
701877783076274176.000000
333440267061297152.000000
529777172215234560.000000
-2681726177453801472.000000
-2049911474322669568.000000
-1578653781271248896.000000
-452214873212846080.000000
293038849737621504.000000
72081534185635840.000000
377755189865611264.000000
-2657975351904305152.000000
-32726431024807936.000000
-49594992389259264.000000
613006938262732800.000000
-907696532910768128.000000
-3124295275674337280.000000
947232497144430592.000000
2303655118513373184.000000
-405110661207556096.000000
2579507605076443136.000000
1353796918882336768.000000
-1355071115419975680.000000
-198938452744470528.000000
-1513741775863283712.000000
-722131543174152192.000000
-172862434980134912.000000
167865927726006272.000000
-1744428111463710720.000000
843191896560893952.000000
-3010940299775049728.000000
78865314770583552.000000
-2150145290772938752.000000
970019257154797568.000000
-111084707726229504.000000
-69050713203802112.000000
-1872349142529867776.000000
918469204242333696.000000
2136543507303628800.000000
1829733721104711680.000000
-338831722328096768.000000
245902854974341120.000000
-2111805182873436160.000000
-335350874672988160.000000
-3304854601286549504.000000
586051448635129856.000000
136202071610228736.000000
-1262457051989147648.000000
635825584110305280.000000
-229830898374148096.000000
-2069350427584888832.000000
-2188283088532930560.000000
-158584812636995584.000000
42062010594099200.000000
-385644460672811008.000000
2323044868630249472.000000
132355249791827968.000000
328651412885995520.000000
-2123885929444671488.000000
1557172210282528768.000000
-999958683901231104.000000
376684780936232960.000000
-449111948320047104.000000
-2456570935096901632.000000
-819255597143687168.000000
294310434935144448.000000
-1668736631495983104.000000
-141896880417144832.000000
-1278784249905807360.000000
-174183292042477568.000000
