double
4
2
1
10
1712680879504951296.000000
6350582077646612480.000000
6602931244257685504.000000
6405663928679757824.000000
2279347886065231872.000000
-2132781035868827648.000000
-3734827318757705728.000000
-8177202284157255680.000000
-4193751147670757888.000000
-412005967561410560.000000
5758496608311214080.000000
-369355992499640320.000000
-1977771478897434624.000000
6199559041169221632.000000
-2999511391495295488.000000
2733288686145640448.000000
-2430514639735552000.000000
8433024137284718592.000000
-6634357161844193280.000000
6826904809115295744.000000
-486845727188271616.000000
5550823643817551872.000000
377742843816673280.000000
3299744980831092736.000000
4069954058654791680.000000
1512998100729454592.000000
689414377009500160.000000
4770616167672172544.000000
-7269721523402319872.000000
-486986243760502784.000000
-5786146963276044288.000000
4370368997849575424.000000
-5228723025624023040.000000
-6729036998070968320.000000
-3244025889925666816.000000
-6462358127649136640.000000
-5122266333468012544.000000
-2093908768760831488.000000
7426630970081114112.000000
-923259730526484480.000000
2085652746300078080.000000
7422021252520431616.000000
-7391972797450815488.000000
8666447652225478656.000000
2824934984265054208.000000
-6070646638896025600.000000
-2616630612829954048.000000
4624343047084265472.000000
1989124713342822400.000000
-3227309016734750720.000000
-8514548043671377920.000000
2476919096164757504.000000
8466119717122609152.000000
2818483910896228352.000000
2491396540874682368.000000
9136664327242881024.000000
1509872133393750016.000000
-1579620740530456576.000000
-466748645402729984.000000
2278359316967895040.000000
-2988232021019312640.000000
3223611365461690368.000000
-3372032628620969984.000000
5134567866055522304.000000
8293122129005852672.000000
2998091541620508672.000000
-8973019429026881536.000000
2266110443269103616.000000
3203454773533839360.000000
8705848612906199040.000000
6976438128957014016.000000
177538324938459136.000000
-8195617351210827776.000000
-900953478902896640.000000
-8854664557495296000.000000
-1075243713765558272.000000
8846813679495546880.000000
-2592791908341960192.000000
-352452045899311104.000000
3480184620042219520.000000
3798333625805029376.000000
13772603330167044096.000000
-789041553193129984.000000
15072111580905236480.000000
5104282870330286080.000000
-8203427674764853248.000000
-6351457931587659776.000000
-3552859237072990208.000000
-2204626434327935488.000000
-3639314984296161280.000000
-2756051435360163840.000000
2107563103665117184.000000
6488348238225174528.000000
9018042952065449984.000000
-508114850620613120.000000
11869953013388521472.000000
-920642506341801984.000000
6853403396754262016.000000
-7101105807246923776.000000
9105264126083190784.000000
-3475077748207584256.000000
8774435009279242240.000000
-2994289784804296704.000000
8434312846886615040.000000
12363076187660644352.000000
4511089642349963264.000000
-8283605052017381376.000000
7036726610941276160.000000
-4066266749868480512.000000
8218862369145696256.000000
1190291165680969728.000000
4547907322788034560.000000
-13424340376834850816.000000
-7629990476973864960.000000
-12098690447420962816.000000
-7537601841414694912.000000
3724547346027534336.000000
-4686700677102791680.000000
7074178924181803008.000000
2556924889515735040.000000
