double
4
2
1
10
1712680879504951296.000000
6350582077646612480.000000
6602931244257685504.000000
6405663928679757824.000000
2279347886065231872.000000
-2132781035868827648.000000
-3734827318757705728.000000
-8177202284157255680.000000
-4193751147670757888.000000
-412005967561410560.000000
5758496608311214080.000000
-369355992499640320.000000
-1977771478897434624.000000
6199559041169221632.000000
-2999511391495295488.000000
2733288686145640448.000000
-2430514639735552000.000000
8433024137284718592.000000
-6634357161844193280.000000
6826904809115295744.000000
-486845727188271616.000000
5550823643817551872.000000
377742843816673280.000000
3299744980831092736.000000
4069954058654791680.000000
1512998100729454592.000000
689414377009500160.000000
4770616167672172544.000000
-7269721523402319872.000000
-486986243760502784.000000
-5786146963276044288.000000
4370368997849575424.000000
-5228723025624023040.000000
-6729036998070968320.000000
-3244025889925666816.000000
-6462358127649136640.000000
-5122266333468012544.000000
-2093908768760831488.000000
7426630970081114112.000000
-923259730526484480.000000
2085652746300078080.000000
7422021252520431616.000000
-7391972797450815488.000000
8666447652225478656.000000
2824934984265054208.000000
-6070646638896025600.000000
-2616630612829954048.000000
4624343047084265472.000000
1989124713342822400.000000
-3227309016734750720.000000
-8514548043671377920.000000
2476919096164757504.000000
8466119717122609152.000000
2818483910896228352.000000
2491396540874682368.000000
9136664327242881024.000000
1509872133393750016.000000
-1579620740530456576.000000
-466748645402729984.000000
2278359316967895040.000000
-2988232021019312640.000000
3223611365461690368.000000
-3372032628620969984.000000
5134567866055522304.000000
8293122129005852672.000000
2998091541620508672.000000
-8973019429026881536.000000
2266110443269103616.000000
3203454773533839360.000000
8705848612906199040.000000
6976438128957014016.000000
177538324938459136.000000
-8195617351210827776.000000
-900953478902896640.000000
-8854664557495296000.000000
-1075243713765558272.000000
8846813679495546880.000000
-2592791908341960192.000000
-352452045899311104.000000
3480184620042219520.000000
3572057579875135065160790810218725376.000000
47134155146168518949748040595335544832.000000
-48808688140990877012799371723910676480.000000
55514351115652120776515388826586185728.000000
6439009584656270376880312789013364736.000000
12947360026898283042961871339603886080.000000
9772663495895029640911094389296594944.000000
-37814188527344180197400165928568619008.000000
-8341894049441729112285577321394470912.000000
1329670574059465507623881006546681856.000000
-49030996030784508650894219294745296896.000000
-914864911105245995707679621230100480.000000
-16744050113456314443422795689776644096.000000
17473357412186698902302481823276466176.000000
-7472972305085584361535528697038110720.000000
24973141234763437975687800109848854528.000000
-3669766324342259828788279426070609920.000000
-13320979832648902040684254858632495104.000000
3096577218408677630112811112424538112.000000
15554142177900763959590038859723833344.000000
1454807991280425759563851493613240320.000000
17893698185883733379905397446645121024.000000
-1273761194577897388832938964805484544.000000
16942764544753323782474398895626518528.000000
33752626067867236983043896651114610688.000000
4536106808284872419021772449164296192.000000
-6186128599556708152005900771382001664.000000
10810743118390338551273381303351771136.000000
-23288224116404856576256838098401361920.000000
-4239628514746773517389716097184301056.000000
-40366696294347836560930548718824849408.000000
775907991241185993372634886260654080.000000
42852613153479818471696857668614356992.000000
6062549293078343101513096712553496576.000000
28724761071121937739639235797835579392.000000
6948609952856497485138641558590980096.000000
-45315735868944310383946514777702924288.000000
5429069712449360876276005577515073536.000000
-2617531279544274218284865627730477056.000000
-3213114314482595256547671706712408064.000000
