double
4
2
1
10
1712680879504951296.000000
6350582077646612480.000000
6602931244257685504.000000
6405663928679757824.000000
2279347886065231872.000000
-2132781035868827648.000000
-3734827318757705728.000000
-8177202284157255680.000000
-4193751147670757888.000000
-412005967561410560.000000
5758496608311214080.000000
-369355992499640320.000000
-1977771478897434624.000000
6199559041169221632.000000
-2999511391495295488.000000
2733288686145640448.000000
-2430514639735552000.000000
8433024137284718592.000000
-6634357161844193280.000000
6826904809115295744.000000
-486845727188271616.000000
5550823643817551872.000000
377742843816673280.000000
3299744980831092736.000000
4069954058654791680.000000
1512998100729454592.000000
689414377009500160.000000
4770616167672172544.000000
-7269721523402319872.000000
-486986243760502784.000000
-5786146963276044288.000000
4370368997849575424.000000
-5228723025624023040.000000
-6729036998070968320.000000
-3244025889925666816.000000
-6462358127649136640.000000
-5122266333468012544.000000
-2093908768760831488.000000
7426630970081114112.000000
-923259730526484480.000000
2085652746300078080.000000
7422021252520431616.000000
-7391972797450815488.000000
8666447652225478656.000000
2824934984265054208.000000
-6070646638896025600.000000
-2616630612829954048.000000
4624343047084265472.000000
1989124713342822400.000000
-3227309016734750720.000000
-8514548043671377920.000000
2476919096164757504.000000
8466119717122609152.000000
2818483910896228352.000000
2491396540874682368.000000
9136664327242881024.000000
1509872133393750016.000000
-1579620740530456576.000000
-466748645402729984.000000
2278359316967895040.000000
-2988232021019312640.000000
3223611365461690368.000000
-3372032628620969984.000000
5134567866055522304.000000
8293122129005852672.000000
2998091541620508672.000000
-8973019429026881536.000000
2266110443269103616.000000
3203454773533839360.000000
8705848612906199040.000000
6976438128957014016.000000
177538324938459136.000000
-8195617351210827776.000000
-900953478902896640.000000
-8854664557495296000.000000
-1075243713765558272.000000
8846813679495546880.000000
-2592791908341960192.000000
-352452045899311104.000000
3480184620042219520.000000
-372971866795126784.000000
-1071439174873819136.000000
13994904041708500992.000000
-2260783723545720832.000000
-545587098199822336.000000
3937865603027197952.000000
-1118196705927751680.000000
-12801545331241521152.000000
-6182875861013579776.000000
2815303049173340160.000000
14273044651982592000.000000
-2846275088664397824.000000
-10443891196020043776.000000
3381075130272993280.000000
-5490907932369977344.000000
-6403375641097240576.000000
-3940386773129302016.000000
10012644877815175168.000000
-6167608516441462784.000000
4548545492147400704.000000
2501386293831041024.000000
2327212278355861504.000000
3749775472437643264.000000
-1834822885224429568.000000
-4223168070351060992.000000
-1485093440891054080.000000
9662433806036381696.000000
2504505724403068928.000000
-10473176296936159232.000000
-9192834856666701824.000000
-12762585092233058304.000000
4192830672911116288.000000
2966894325586804736.000000
-5828083519168071680.000000
5610638667569629184.000000
-5387114413883578368.000000
-13969080012963559424.000000
498883139581128704.000000
7779083015980425216.000000
-4403444350568704000.000000
