float
1
2
1
10
209652480.000000
398764544.000000
924231168.000000
1478610176.000000
441365248.000000
1537364736.000000
192771840.000000
1491434752.000000
-327900160.000000
530702080.000000
626610432.000000
-496576768.000000
-268060928.000000
-869582272.000000
1682652160.000000
-1903903232.000000
1991416320.000000
-976433728.000000
-500614912.000000
-95927552.000000
131370430970724352.000000
-198017216619216896.000000
-247750257847304192.000000
-1285773158128812032.000000
742664166908624896.000000
-2926993686505979904.000000
383888987279851520.000000
-1456287208070709248.000000
164151708727902208.000000
-50908951734124544.000000
