float
8
2
1
10
209652480.000000
398764544.000000
924231168.000000
1478610176.000000
441365248.000000
1537364736.000000
192771840.000000
1491434752.000000
-327900160.000000
530702080.000000
626610432.000000
-496576768.000000
-268060928.000000
-869582272.000000
1682652160.000000
-1903903232.000000
1991416320.000000
-976433728.000000
-500614912.000000
-95927552.000000
1252949504.000000
1340754432.000000
124102656.000000
-85997504.000000
292249088.000000
-460485696.000000
1827923712.000000
1443447296.000000
-1842386176.000000
-698378176.000000
-1773266176.000000
636393472.000000
-2060646400.000000
-565898240.000000
1428591360.000000
1963466496.000000
1194674176.000000
-1544681728.000000
1589190144.000000
1589512704.000000
2055650048.000000
-113352640.000000
1284876288.000000
1292401920.000000
-165444864.000000
87950080.000000
1204863744.000000
768281856.000000
-1639498752.000000
947610112.000000
600956160.000000
352272384.000000
-1531785984.000000
160516864.000000
1909838336.000000
1110745600.000000
93837824.000000
-1692613888.000000
-366524160.000000
-113385408.000000
-1011226048.000000
-1347192320.000000
1177824768.000000
1017555712.000000
-188332992.000000
-1217406976.000000
293921536.000000
-1566726144.000000
-2066782208.000000
-755308608.000000
505240576.000000
-1504634880.000000
481447424.000000
-1192620544.000000
502227712.000000
-487526144.000000
1905883392.000000
1729147392.000000
780912128.000000
-214963200.000000
-603408960.000000
485603840.000000
-270445632.000000
1728073984.000000
848819456.000000
-1721077760.000000
-1888817152.000000
2017814528.000000
716257536.000000
657731328.000000
732883968.000000
-1413432576.000000
-1243897344.000000
-609231808.000000
-1593749504.000000
1076688896.000000
-792729152.000000
463129088.000000
-585357824.000000
-751416384.000000
301492736.000000
-1982447616.000000
-263704512.000000
576702720.000000
2097549568.000000
1971172096.000000
-1709204480.000000
656229376.000000
-1250364928.000000
580073472.000000
-1454664704.000000
2127295488.000000
657595136.000000
351544576.000000
-1059604480.000000
-367784000.000000
-144694208.000000
-108673472.000000
-1097683712.000000
530471936.000000
-1464714496.000000
-695751936.000000
-1673425920.000000
750555392.000000
671430400.000000
-785112576.000000
-1553992448.000000
1195484672.000000
-1303168768.000000
1930893056.000000
-563821056.000000
698047488.000000
1378655488.000000
-2089193984.000000
-1730436864.000000
527619840.000000
1451462400.000000
745862400.000000
-1734744064.000000
2026988288.000000
2046377728.000000
1624328704.000000
-134642112.000000
41336320.000000
2047673344.000000
-1908190976.000000
450308096.000000
-209769536.000000
1027629312.000000
-2061637120.000000
-1979173376.000000
-250349632.000000
-932836928.000000
2059809280.000000
-1631243264.000000
-603681344.000000
-875571200.000000
-82061760.000000
-1637552128.000000
810293504.000000
-393756480.000000
884368384.000000
653785536.000000
3206684160.000000
1290184704.000000
-183713024.000000
-1696045312.000000
3509249280.000000
388357376.000000
1188433408.000000
1359494400.000000
-1910009344.000000
-1511958272.000000
-1478814080.000000
88902656.000000
-827214336.000000
1198687232.000000
-513304640.000000
-1085972736.000000
-847343936.000000
1554442240.000000
-641693184.000000
-139601856.000000
490705216.000000
2389798656.000000
1510686464.000000
118719232.000000
2099676672.000000
-3092751104.000000
-118304704.000000
-3227930880.000000
2763688960.000000
-1403051264.000000
-214353664.000000
368986880.000000
1595682560.000000
1049979968.000000
-1653355264.000000
491506432.000000
2119984640.000000
590935552.000000
-809104576.000000
-388549632.000000
2042957312.000000
505985536.000000
-697162496.000000
-349128704.000000
1963766528.000000
-2942667520.000000
2878503168.000000
37135104.000000
1050319872.000000
-153130496.000000
-1928677120.000000
179401472.000000
1638365440.000000
1545300224.000000
-946751488.000000
-2101268224.000000
1913602816.000000
1035151680.000000
277136384.000000
1043182656.000000
1058892032.000000
1859340288.000000
-3125597952.000000
744229632.000000
-1776495616.000000
-1039152896.000000
-2816945664.000000
-1473932800.000000
-1754984448.000000
-451389504.000000
867188736.000000
-1129015552.000000
-1091207424.000000
1030312192.000000
1647085568.000000
-856640000.000000
595330304.000000
