float
2
2
1
10
209652480.000000
398764544.000000
924231168.000000
1478610176.000000
441365248.000000
1537364736.000000
192771840.000000
1491434752.000000
-327900160.000000
530702080.000000
626610432.000000
-496576768.000000
-268060928.000000
-869582272.000000
1682652160.000000
-1903903232.000000
1991416320.000000
-976433728.000000
-500614912.000000
-95927552.000000
1252949504.000000
1340754432.000000
124102656.000000
-85997504.000000
292249088.000000
-460485696.000000
1827923712.000000
1443447296.000000
-1842386176.000000
-698378176.000000
-1773266176.000000
636393472.000000
-2060646400.000000
-565898240.000000
1428591360.000000
1963466496.000000
1194674176.000000
-1544681728.000000
1589190144.000000
1589512704.000000
1462601984.000000
1739518976.000000
1048333824.000000
1392612608.000000
733614336.000000
1076879104.000000
2020695552.000000
2934882048.000000
-2170286336.000000
-167676096.000000
-1146655744.000000
139816704.000000
-2328707328.000000
-1435480576.000000
3111243520.000000
59563264.000000
3186090496.000000
-2521115392.000000
1088575232.000000
1493585152.000000
