double
1
2
1
10
1712680879504951296.000000
6350582077646612480.000000
6602931244257685504.000000
6405663928679757824.000000
2279347886065231872.000000
-2132781035868827648.000000
-3734827318757705728.000000
-8177202284157255680.000000
-4193751147670757888.000000
-412005967561410560.000000
5758496608311214080.000000
-369355992499640320.000000
-1977771478897434624.000000
6199559041169221632.000000
-2999511391495295488.000000
2733288686145640448.000000
-2430514639735552000.000000
8433024137284718592.000000
-6634357161844193280.000000
6826904809115295744.000000
-4045815728806262784.000000
6719938070146252800.000000
8580702723155120128.000000
206104887510536192.000000
5278859277560526848.000000
-4866069722014468096.000000
-1304312679022153728.000000
-16610226421441974272.000000
2440606014173435392.000000
-7238910776676706304.000000
